200 		3 		7962		277 		28 		66 		0.000811753 	0 			53 	5 		8564 	27 		0 	0 	8692.180186	392.218710
300 		3 		4095 		143 		21 		39 		0.000673297 	0 			80 	5 		4780 	23 		0 	0 	4819.787291	234.825725
400 	 	3 		2283 		81 			15 		16 		0.00124649 		0	   		71 	5 		3072 	21 		0 	0 	3024.962015	173.691026
500 		3 		1587 		56   		7 		13 		0.00022805 		0 			119 5 		2106 	10 		0 	0 	2087.135359	161.255157
600 		3 		878 		32 			6 		10 		0.000824063 	0 			88 	5 		86 		15 		0 	0 	1482.785455	136.118961
700 		3 		616 		22 			4 		1 		0.00058707 		0 			158 5 		156 	7 		0 	0 	1071.386706	179.329683
800 		3  		408 		15 			3 		3 		0.000999556 	0 			114 5 		772 	0 		0 	0 	767.672605	155.166649
900 		3 		304 		11 			5 		5 		0.00119296 		0 			156 5 		563 	15 		0 	0 	556.129800	159.115848
1000 		3 		236 		8 			0 		5 		0 				0 			171 5 		413 	0 		0 	0 	406.762247	177.616840
1100 		3 		156 		5 			1 		6 		0 				0 			240 5 		238 	0 		0 	0 	298.460605	172.235723
1200 		3 		119 		4 			0 		5 		0 				0 			303 5 		301 	0 		0 	0 	241.409172	334.259668
1300 		3 		79 			3 			0 		4 		0 				0 			397 5 		395 	0 		0 	0 	186.777243	339.094736