#Distance	Velo	Send put	ack put		UHARQ	DHARQ	sloss			ackloss		sTcpDelay
200			1		8401    	294			12		7		0.000247719		0  			41 	5
300			1 		4266		150			3   	7		0.000169761		0 			44	5
400			1 		2358		84 			3 		8       0   			0  			47 	5
500 		1 		1159 		42 			3 		0 		0.000312439 	0 			54  5
800    		1 		264			10 			4 		4 		0.00205163   	0  			100 5
900 		1 		266 		10 			0  		1       0 				0  			201 5
1000 		1 		147         5     		0  	 	1       0  				0  			165 5
200			2  		8035 		280  		9 		12  	0.000118227 	0 			53 	5
300 		2  		3916 		137 		0 		24 		0 				0 			59 	5
400 		2 		2182 		77 			0 		1 		0 				0 			64  5
500 		2 		1112 		40 			3 		0 		0.000366092  	0  			97  5
800 		2 		398			14 			0 		0  		0 				0 			303 5
900			2 		302			11 			0 		0 		0 				0 			388 5
1000 		2  		194 		7 			0 		0 		0 				0 			297 5
200 		3 		7962		277 		28 		66 		0.000811753 	0 			53 	5
300 		3 		4095 		143 		21 		39 		0.000673297 	0 			80 	5
400 	 	3 		2283 		81 			15 		16 		0.00124649 		0	   		71 	5 
500 		3 		1587 		56   		7 		13 		0.00022805 		0 			119 5
800 		3  		408 		15 			3 		3 		0.000999556 	0 			114 5
900 		3 		304 		11 			5 		5 		0.00119296 		0 			156 5
1000 		3 		236 		8 			0 		5 		0 				0 			171 5
200			4 		6970 		244 		22 		64 		0.000765071 	0 		    58  5
300 		4 		3930 		137 		4 		105 	0.000092164		0  			114 5
400 		4 		2137 		75 			8 		46 		0.00014828  	0 		 	101 5
500			4 		1246 		44 			7 		35 		0.000290518 	0 			147 5
800			4 		360 		13 			0 		6 		0 				0 			193 5
900			4 		355 		12 			0 		6 		0 				0 			1496 5
1000		4 		262 		9 			0 		0 		0 				0 			2020 5







