#Distance	Velo	Send put	ack put		UHARQ	DHARQ	sloss			ackloss		sTcpDelay	UlPdcp	UHARQ DHARQ	loss UDP 	std
200			1		8401    	294			12		7		0.000247719		0  			41 	5 		9412 	15 		0 	0 	9920.816204	832.897493
300			1 		4266		150			3   	7		0.000169761		0 			44	5 		5728 	7 		0 	0 	6103.535845	640.739770
400			1 		2358		84 			3 		8       0   			0  			47 	5 		3804 	0 		0 	0 	4088.729251	499.839346
500 		1 		1159 		42 			3 		0 		0.000312439 	0 			54  5 		2596 	11 		0 	0 	2809.855890	410.696203
600 		1 		645 		24 			0 	 	0 		0 				0 			71 	5 		0   	0 		0 	0 	2059.660730	376.290046
700 		1 		489 		91 			0 		0 		0 				0 			91 	5 		89 	 	0 		0 	0 	1524.704313	314.129282
800    		1 		264			10 			4 		4 		0.00205163   	0  			100 5 		997 	7 		0 	0 	1132.824412	253.945390
900 		1 		266 		10 			0  		1       0 				0  			201 5 		756 	0 		0 	0 	902.682543	305.270365
1000 		1 		147         5     		0  	 	1       0  				0  			165 5 		564 	0 		0 	0 	674.253388	235.277202
1100 		1 		117 		4 			0 		0 		0 				0 			207 5 		205 	0 		0 	0 	518.042400	204.670736
1200 		1 		96 			3 			0 		0 		0 				0 			257 5 		255 	0 		0 	0 	404.386026	247.628206
1300 		1 		68 			2 			0 		0 		0 				0 			377 5 		375 	0 		0 	0 	297.316754	219.967134

200			2  		8035 		280  		9 		12  	0.000118227 	0 			53 	5 		8506    9 		0 	0 	9010.357513	1000.651657
300 		2  		3916 		137 		0 		24 		0 				0 			59 	5 		4960 	5 		0 	0 	5194.548884	786.914190
400 		2 		2182 		77 			0 		1 		0 				0 			64  5 		3255 	1 		0 	0 	3377.050116	527.661141
500 		2 		1112 		40 			3 		0 		0.000366092  	0  			97  5 		2214 	7 		0 	0 	2294.470633	385.600289
600 		2 		651 		24 			0 		0 		0 				0 			126 5 		124 	0 		0 	0 	1624.318216	338.216784
700 		2 		458 		17 			0 		1 		0 				0 			149 5 		147 	0 		0 	0 	1219.251154	299.412347
800 		2 		398			14 			0 		0  		0 				0 			303 5 		824 	0 		0 	0 	873.283661	200.396008
900			2 		302			11 			0 		0 		0 				0 			388 5 		617 	0 		0 	0 	658.484412	191.831847
1000 		2  		194 		7 			0 		0 		0 				0 			297 5 		461 	0       0   0 	503.757552	240.893990
1100 		2 		153 		5 			0 		0 		0 				0 			232 5  		230 	0 		0 	0 	372.824816	204.140565
1200 		2 		116 		4 			0 		0 		0 				0 			279 5 		277 	0 		0 	0 	280.201367	189.988785
1300 		2 		67 			5 			0 		0 		0 				0 			419 5 		417 	0 		0 	0 	228.998840	209.749851

200 		3 		7962		277 		28 		66 		0.000811753 	0 			53 	5 		8564 	27 		0 	0 	8692.180186	392.218710
300 		3 		4095 		143 		21 		39 		0.000673297 	0 			80 	5 		4780 	23 		0 	0 	4819.787291	234.825725
400 	 	3 		2283 		81 			15 		16 		0.00124649 		0	   		71 	5 		3072 	21 		0 	0 	3024.962015	173.691026
500 		3 		1587 		56   		7 		13 		0.00022805 		0 			119 5 		2106 	10 		0 	0 	2087.135359	161.255157
600 		3 		878 		32 			6 		10 		0.000824063 	0 			88 	5 		86 		15 		0 	0 	1482.785455	136.118961
700 		3 		616 		22 			4 		1 		0.00058707 		0 			158 5 		156 	7 		0 	0 	1071.386706	179.329683
800 		3  		408 		15 			3 		3 		0.000999556 	0 			114 5 		772 	0 		0 	0 	767.672605	155.166649
900 		3 		304 		11 			5 		5 		0.00119296 		0 			156 5 		563 	15 		0 	0 	556.129800	159.115848
1000 		3 		236 		8 			0 		5 		0 				0 			171 5 		413 	0 		0 	0 	406.762247	177.616840
1100 		3 		156 		5 			1 		6 		0 				0 			240 5 		238 	0 		0 	0 	298.460605	172.235723
1200 		3 		119 		4 			0 		5 		0 				0 			303 5 		301 	0 		0 	0 	241.409172	334.259668
1300 		3 		79 			3 			0 		4 		0 				0 			397 5 		395 	0 		0 	0 	186.777243	339.094736

200			4 		6970 		244 		22 		64 		0.000765071 	0 		    58  5 		7569   	22 		0 	0 	8359.121090	933.339418
300 		4 		3930 		137 		4 		105 	0.000092164		0  			114 5 		4014 	4 		0 	0 	4380.209452	669.764411
400 		4 		2137 		75 			8 		46 		0.00014828  	0 		 	101 5 		2444 	7 		0 	0 	2631.566764	548.261085
500			4 		1246 		44 			7 		35 		0.000290518 	0 			147 5 		1602 	6 		0 	0 	1712.919824	435.713680
600 		4 		813 		29 			6 		23 		0.00127813 		0 			138 5 		136 	3 		0 	0 	1174.424472	392.714758
700 		4 		566 		20 			0 		10 		0 				0 			386 5 		384 	0 		0 	0 	774.068075	390.133248
800			4 		360 		13 			0 		6 		0 				0 			193 5 		517 	0 		6 	0 	549.218887	288.041299
900			4 		355 		12 			0 		6 		0 				0 			1496 5 		361 	0 		0 	0 	380.099445	421.614346
1000		4 		262 		9 			0 		0 		0 				0 			2020 5 		266 	0 		0 	0 	281.270460	341.350012
1100 		4 		127 		4 			0 		0 		0 				0 			385  5 		383 	0 		0 	0 	214.985212	345.038804
1200 		4 		93 			3 			0 		0 		0 				0 			474  5 		472 	0 		0 	0 	161.451902	344.480390
1300 		4 		68 			2 			0 		0 		0 				0 			664  5 		662 	0 		0 	0 	115.092784	234.327975







