#Distance	Velo	MeanUdp	std
200.000000	1.000000	9920.816204	832.897493
200.000000	2.000000	9010.357513	1000.651657
200.000000	3.000000	8692.180186	392.218710
200.000000	4.000000	8359.121090	933.339418
300.000000	1.000000	6103.535845	640.739770
300.000000	2.000000	5194.548884	786.914190
300.000000	3.000000	4819.787291	234.825725
300.000000	4.000000	4380.209452	669.764411
400.000000	1.000000	4088.729251	499.839346
400.000000	2.000000	3377.050116	527.661141
400.000000	3.000000	3024.962015	173.691026
400.000000	4.000000	2631.566764	548.261085
500.000000	1.000000	2809.855890	410.696203
500.000000	2.000000	2294.470633	385.600289
500.000000	3.000000	2087.135359	161.255157
500.000000	4.000000	1712.919824	435.713680
600.000000	1.000000	2059.660730	376.290046
600.000000	2.000000	1624.318216	338.216784
600.000000	3.000000	1482.785455	136.118961
600.000000	4.000000	1174.424472	392.714758
700.000000	1.000000	1524.704313	314.129282
700.000000	2.000000	1219.251154	299.412347
700.000000	3.000000	1071.386706	179.329683
700.000000	4.000000	774.068075	390.133248
800.000000	1.000000	1132.824412	253.945390
800.000000	2.000000	873.283661	200.396008
800.000000	3.000000	767.672605	155.166649
800.000000	4.000000	549.218887	288.041299
900.000000	1.000000	902.682543	305.270365
900.000000	2.000000	658.484412	191.831847
900.000000	3.000000	556.129800	159.115848
900.000000	4.000000	380.099445	421.614346
1000.000000	1.000000	674.253388	235.277202
1000.000000	2.000000	503.757552	240.893990
1000.000000	3.000000	406.762247	177.616840
1000.000000	4.000000	281.270460	341.350012
1100.000000	1.000000	518.042400	204.670736
1100.000000	2.000000	372.824816	204.140565
1100.000000	3.000000	298.460605	172.235723
1100.000000	4.000000	214.985212	345.038804
1200.000000	1.000000	404.386026	247.628206
1200.000000	2.000000	280.201367	189.988785
1200.000000	3.000000	241.409172	334.259668
1200.000000	4.000000	161.451902	344.480390
1300.000000	1.000000	297.316754	219.967134
1300.000000	2.000000	228.998840	209.749851
1300.000000	3.000000	186.777243	339.094736
1300.000000	4.000000	115.092784	234.327975
