ID1	0		0	0	500	nan	44
ID1	0		0	0	522	nan	44
ID1	1		0	0	525	0	44
ID1	1		0	0	525	0	624
ID1	1		0	0	541	0	44
ID1	2		0	0	544	0	580
ID1	2		0	0	544	0	1160
ID1	2		0	0	567	0	44
ID1	3		0	0	570	0	580
ID1	3		0	0	570	0	1160
ID1	3		0	0	570	0	1740
ID1	3		0	0	593	0	44
ID1	4		0	0	596	0	580
ID1	4		0	0	596	0	1160
ID1	4		0	0	596	0	1740
ID1	4		0	0	619	0	44
ID1	4		0	0	619	0	88
ID1	5		0	0	622	0	580
ID1	5		0	0	622	0	1160
ID1	5		0	0	622	0	1740
ID1	5		0	0	622	0	2320
ID1	5		0	0	622	0	2900
ID1	5		0	0	622	0	3480
ID1	5		0	0	638	0	44
ID1	7		0	0	641	0	580
ID1	7		0	0	641	0	1160
ID1	7		0	0	641	0	1740
ID1	6		0	0	764	0	44
ID1	6		0	0	764	0	88
ID1	6		0	0	764	0	132
ID1	8		0	0	767	0	580
ID1	8		0	0	767	0	1160
ID1	7		0	0	790	0	44
ID1	7		0	0	790	0	88
ID1	9		0	0	793	0	580
ID1	8		0	0	816	0	44
ID1	10		0	0	819	0	580
ID1	10		0	0	819	0	1160
ID1	9		0	0	835	0	44
ID1	9		0	0	835	0	88
ID1	11		0	0	838	0	580
ID1	11		0	0	838	0	1160
ID1	11		0	0	838	0	1740
ID1	10		0	0	854	0	44
ID1	10		0	0	854	0	88
ID1	10		0	0	854	0	132
ID1	12		0	0	857	0	580
ID1	12		0	0	857	0	1160
ID1	12		0	0	857	0	1740
ID1	12		0	0	857	0	2320
ID1	14		0	0	1057	0	580
ID1	11		0	0	1280	0	44
ID1	15		0	0	1283	0	580
ID1	15		0	0	1283	0	1160
ID1	12		0	0	1306	0	44
ID1	16		0	0	1309	0	580
ID1	16		0	0	1309	0	1160
ID1	13		0	0	1332	0	44
ID1	17		0	0	1335	0	580
ID1	17		0	0	1335	0	1160
ID1	14		0	0	1351	0	44
ID1	18		0	0	1354	0	580
ID1	18		0	0	1354	0	1160
ID1	18		0	0	1354	0	1740
ID1	15		0	0	1377	0	44
ID1	19		0	0	1380	0	580
ID1	19		0	0	1380	0	1160
ID1	16		0	0	1403	0	44
ID1	20		0	0	1406	0	580
ID1	20		0	0	1406	0	1160
ID1	17		0	0	1429	0	44
ID1	21		0	0	1432	0	580
ID1	21		0	0	1432	0	1160
ID1	21		0	0	1432	0	1740
ID1	18		0	0	1455	0	44
ID1	18		0	0	1455	0	88
ID1	22		0	0	1458	0	580
ID1	22		0	0	1458	0	1160
ID1	22		0	0	1458	0	1740
ID1	22		0	0	1458	0	2320
ID1	24		0	0	1658	0	580
ID1	19		0	0	1874	0	44
ID1	25		0	0	1877	0	580
ID1	25		0	0	1877	0	1160
ID1	20		0	0	1900	0	44
ID1	26		0	0	1903	0	580
ID1	26		0	0	1903	0	1160
ID1	21		0	0	1919	0	44
ID1	27		0	0	1922	0	580
ID1	27		0	0	1922	0	1160
ID1	22		0	0	1945	0	44
ID1	28		0	0	1948	0	580
ID1	28		0	0	1948	0	1160
ID1	28		0	0	1948	0	1740
ID1	23		0	0	1971	0	44
ID1	29		0	0	1974	0	580
ID1	29		0	0	1974	0	1160
ID1	24		0	0	1997	0	44
ID1	30		0	0	2000	0	580
ID1	30		0	0	2000	0	1160
ID1	25		0	0	2023	0	44
ID1	31		0	0	2026	0	580
ID1	31		0	0	2026	0	1160
ID1	31		0	0	2026	0	1740
ID1	26		0	0	2049	0	44
ID1	26		0	0	2049	0	88
ID1	32		0	0	2052	0	580
ID1	32		0	0	2052	0	1160
ID1	32		0	0	2052	0	1740
ID1	32		0	0	2052	0	2320
ID1	34		0	0	2252	0	580
ID1	27		0	0	2475	0	44
ID1	35		0	0	2478	0	580
ID1	35		0	0	2478	0	1160
ID1	28		0	0	2501	0	44
ID1	36		0	0	2504	0	580
ID1	36		0	0	2504	0	1160
ID1	29		0	0	2527	0	44
ID1	37		0	0	2530	0	580
ID1	37		0	0	2530	0	1160
ID1	30		0	0	2553	0	44
ID1	38		0	0	2556	0	580
ID1	38		0	0	2556	0	1160
ID1	38		0	0	2556	0	1740
ID1	31		0	0	2572	0	44
ID1	39		0	0	2575	0	580
ID1	39		0	0	2575	0	1160
ID1	32		0	0	2598	0	44
ID1	40		0	0	2601	0	580
ID1	40		0	0	2601	0	1160
ID1	33		0	0	2624	0	44
ID1	41		0	0	2627	0	580
ID1	41		0	0	2627	0	1160
ID1	41		0	0	2627	0	1740
ID1	34		0	0	2650	0	44
ID1	34		0	0	2650	0	88
ID1	42		0	0	2653	0	580
ID1	42		0	0	2653	0	1160
ID1	42		0	0	2653	0	1740
ID1	42		0	0	2653	0	2320
ID1	35		0	0	2669	0	44
ID1	36		0	0	2670	0	44
ID1	44		0	0	2672	0	580
ID1	44		0	0	2672	0	1160
ID1	44		1	1	2673	0.0227273	1740
ID1	44		1	2	2673	0.0454545	2320
ID1	46		0	2	2873	0.0434783	580
ID1	37		0	0	3189	0	44
ID1	47		0	2	3192	0.0425532	580
ID1	47		0	2	3192	0.0425532	1160
ID1	38		0	0	3208	0	44
ID1	48		0	2	3211	0.0416667	580
ID1	48		0	2	3211	0.0416667	1160
ID1	39		0	0	3234	0	44
ID1	49		0	2	3237	0.0408163	580
ID1	49		0	2	3237	0.0408163	1160
ID1	40		0	0	3253	0	44
ID1	50		0	2	3256	0.04	580
ID1	50		0	2	3256	0.04	1160
ID1	50		0	2	3256	0.04	1740
ID1	41		0	0	3279	0	44
ID1	51		0	2	3282	0.0392157	580
ID1	51		0	2	3282	0.0392157	1160
ID1	42		0	0	3298	0	44
ID1	52		0	2	3301	0.0384615	580
ID1	52		0	2	3301	0.0384615	1160
ID1	43		0	0	3324	0	44
ID1	53		0	2	3327	0.0377358	580
ID1	53		0	2	3327	0.0377358	1160
ID1	53		0	2	3327	0.0377358	1740
ID1	44		0	0	3350	0	44
ID1	44		0	0	3350	0	88
ID1	54		0	2	3353	0.037037	580
ID1	54		0	2	3353	0.037037	1160
ID1	54		0	2	3353	0.037037	1740
ID1	54		0	2	3353	0.037037	2320
ID1	45		0	0	3369	0	44
ID1	56		0	2	3372	0.0357143	580
ID1	56		0	2	3372	0.0357143	1160
ID1	46		0	0	3377	0	44
ID1	57		0	2	3380	0.0350877	580
ID1	57		0	2	3380	0.0350877	1160
ID1	47		0	0	3388	0	44
ID1	58		0	2	3391	0.0344828	580
ID1	58		0	2	3391	0.0344828	1160
ID1	58		0	2	3391	0.0344828	1740
ID1	48		0	0	3396	0	44
ID1	59		0	2	3399	0.0338983	580
ID1	59		0	2	3399	0.0338983	1160
ID1	49		0	0	3522	0	44
ID1	49		0	0	3522	0	88
ID1	60		0	2	3599	0.0333333	580
ID1	50		0	0	3622	0	44
ID1	61		0	2	3625	0.0327869	580
ID1	61		0	2	3625	0.0327869	1160
ID1	51		0	0	3641	0	44
ID1	51		0	0	3641	0	88
ID1	62		0	2	3644	0.0322581	580
ID1	62		0	2	3644	0.0322581	1160
ID1	62		0	2	3644	0.0322581	1740
ID1	62		0	2	3644	0.0322581	2320
ID1	62		0	2	3644	0.0322581	2900
ID1	52		0	0	3660	0	44
ID1	52		0	0	3660	0	88
ID1	53		0	0	3661	0	44
ID1	64		0	2	3664	0.03125	580
ID1	64		0	2	3664	0.03125	1160
ID1	54		0	0	3687	0	44
ID1	65		0	2	3690	0.0307692	580
ID1	65		0	2	3690	0.0307692	1160
ID1	55		0	0	3713	0	44
ID1	66		0	2	3716	0.030303	580
ID1	66		0	2	3716	0.030303	1160
ID1	66		0	2	3716	0.030303	1740
ID1	56		0	0	3739	0	44
ID1	56		0	0	3739	0	88
ID1	67		0	2	3742	0.0298507	580
ID1	67		0	2	3742	0.0298507	1160
ID1	67		0	2	3742	0.0298507	1740
ID1	67		0	2	3742	0.0298507	2320
ID1	69		0	2	3942	0.0289855	580
4099		7.0.0.2		158.328ID1	57		0	0	4165	0	44
ID1	70		0	2	4168	0.0285714	580
ID1	70		0	2	4168	0.0285714	1160
ID1	58		0	0	4191	0	44
ID1	71		0	2	4194	0.028169	580
ID1	71		0	2	4194	0.028169	1160
ID1	59		0	0	4210	0	44
ID1	72		0	2	4213	0.0277778	580
ID1	72		0	2	4213	0.0277778	1160
ID1	60		0	0	4236	0	44
ID1	73		0	2	4239	0.0273973	580
ID1	73		0	2	4239	0.0273973	1160
ID1	73		0	2	4239	0.0273973	1740
ID1	61		0	0	4262	0	44
ID1	74		0	2	4265	0.027027	580
ID1	74		0	2	4265	0.027027	1160
ID1	62		0	0	4281	0	44
ID1	75		0	2	4284	0.0266667	580
ID1	75		0	2	4284	0.0266667	1160
ID1	63		0	0	4481	0	44
ID1	76		0	2	4484	0.0263158	580
ID1	76		0	2	4484	0.0263158	1160
ID1	76		0	2	4484	0.0263158	1740
ID1	77		0	2	4884	0.025974	580
ID1	64		0	0	5200	0	44
ID1	78		0	2	5203	0.025641	580
ID1	78		0	2	5203	0.025641	1160
ID1	65		0	0	5226	0	44
ID1	79		0	2	5229	0.0253165	580
ID1	79		0	2	5229	0.0253165	1160
ID1	66		0	0	5252	0	44
ID1	80		0	2	5255	0.025	580
ID1	80		0	2	5255	0.025	1160
ID1	67		0	0	5271	0	44
ID1	81		0	2	5274	0.0246914	580
ID1	81		0	2	5274	0.0246914	1160
ID1	81		0	2	5274	0.0246914	1740
ID1	68		0	0	5290	0	44
ID1	82		0	2	5293	0.0243902	580
ID1	82		0	2	5293	0.0243902	1160
ID1	69		0	0	5316	0	44
ID1	83		0	2	5319	0.0240964	580
ID1	83		0	2	5319	0.0240964	1160
ID1	70		0	0	5342	0	44
ID1	84		0	2	5345	0.0238095	580
ID1	84		0	2	5345	0.0238095	1160
ID1	84		0	2	5345	0.0238095	1740
ID1	71		0	0	5368	0	44
ID1	71		0	0	5368	0	88
ID1	85		0	2	5371	0.0235294	580
ID1	85		0	2	5371	0.0235294	1160
ID1	85		0	2	5371	0.0235294	1740
ID1	85		0	2	5371	0.0235294	2320
ID1	87		0	2	5571	0.0229885	580
ID1	72		0	0	5787	0	44
ID1	88		0	2	5790	0.0227273	580
ID1	88		0	2	5790	0.0227273	1160
ID1	73		0	0	5806	0	44
ID1	89		0	2	5809	0.0224719	580
ID1	89		0	2	5809	0.0224719	1160
ID1	74		0	0	5832	0	44
ID1	90		0	2	5835	0.0222222	580
ID1	90		0	2	5835	0.0222222	1160
ID1	75		0	0	5858	0	44
ID1	91		0	2	5861	0.021978	580
ID1	91		0	2	5861	0.021978	1160
ID1	91		0	2	5861	0.021978	1740
ID1	76		0	0	5884	0	44
ID1	92		0	2	5887	0.0217391	580
ID1	92		0	2	5887	0.0217391	1160
ID1	77		0	0	5910	0	44
ID1	93		0	2	5913	0.0215054	580
ID1	93		0	2	5913	0.0215054	1160
ID1	78		0	0	5936	0	44
ID1	94		0	2	5939	0.0212766	580
ID1	94		0	2	5939	0.0212766	1160
ID1	94		0	2	5939	0.0212766	1740
ID1	79		0	0	5962	0	44
ID1	79		0	0	5962	0	88
ID1	95		0	2	5965	0.0210526	580
ID1	95		0	2	5965	0.0210526	1160
ID1	95		0	2	5965	0.0210526	1740
ID1	95		0	2	5965	0.0210526	2320
ID1	80		0	0	5981	0	44
ID1	81		0	0	5982	0	44
ID1	97		0	2	5984	0.0206186	580
ID1	97		0	2	5984	0.0206186	1160
ID1	97		1	3	5985	0.0309278	1740
ID1	97		1	4	5985	0.0412371	2320
ID1	82		0	0	6000	0	44
ID1	99		0	4	6003	0.040404	580
ID1	99		0	4	6003	0.040404	1160
ID1	99		0	4	6003	0.040404	1740
ID1	83		0	0	6119	0	44
ID1	83		0	0	6119	0	88
ID1	83		0	0	6119	0	132
ID1	100		0	4	6122	0.04	580
ID1	84		0	0	6145	0	44
ID1	101		0	4	6148	0.039604	580
ID1	85		0	0	6164	0	44
ID1	102		0	4	6167	0.0392157	580
ID1	102		0	4	6167	0.0392157	1160
ID1	86		0	0	6190	0	44
ID1	103		0	4	6193	0.038835	580
ID1	103		0	4	6193	0.038835	1160
ID1	103		0	4	6193	0.038835	1740
ID1	87		0	0	6216	0	44
ID1	104		0	4	6219	0.0384615	580
ID1	104		0	4	6219	0.0384615	1160
ID1	88		0	0	6242	0	44
ID1	105		0	4	6245	0.0380952	580
ID1	105		0	4	6245	0.0380952	1160
ID1	89		0	0	6268	0	44
ID1	106		0	4	6271	0.0377358	580
ID1	106		0	4	6271	0.0377358	1160
ID1	106		0	4	6271	0.0377358	1740
ID1	90		0	0	6294	0	44
ID1	90		0	0	6294	0	88
ID1	107		0	4	6297	0.0373832	580
ID1	107		0	4	6297	0.0373832	1160
ID1	107		0	4	6297	0.0373832	1740
ID1	107		0	4	6297	0.0373832	2320
ID1	91		0	0	6313	0	44
ID1	109		0	4	6316	0.0366972	580
ID1	109		0	4	6316	0.0366972	1160
ID1	92		0	0	6321	0	44
ID1	110		0	4	6324	0.0363636	580
ID1	110		0	4	6324	0.0363636	1160
ID1	93		0	0	6447	0	44
ID1	93		0	0	6447	0	88
ID1	111		0	4	6524	0.036036	580
ID1	94		0	0	6547	0	44
ID1	112		0	4	6550	0.0357143	580
ID1	112		0	4	6550	0.0357143	1160
ID1	95		0	0	6573	0	44
ID1	95		0	0	6573	0	88
ID1	113		0	4	6576	0.0353982	580
ID1	113		0	4	6576	0.0353982	1160
ID1	96		0	0	6599	0	44
ID1	114		0	4	6602	0.0350877	580
ID1	114		0	4	6602	0.0350877	1160
ID1	97		0	0	6625	0	44
ID1	115		0	4	6628	0.0347826	580
ID1	115		0	4	6628	0.0347826	1160
ID1	115		0	4	6628	0.0347826	1740
ID1	98		0	0	6644	0	44
ID1	116		0	4	6647	0.0344828	580
ID1	116		0	4	6647	0.0344828	1160
ID1	99		0	0	6844	0	44
ID1	117		0	4	6847	0.034188	580
ID1	117		0	4	6847	0.034188	1160
ID1	117		0	4	6847	0.034188	1740
ID1	100		0	0	6963	0	44
ID1	100		0	0	6963	0	88
ID1	118		0	4	6966	0.0338983	580
ID1	118		0	4	6966	0.0338983	1160
ID1	101		0	0	6989	0	44
ID1	119		0	4	6992	0.0336134	580
ID1	119		0	4	6992	0.0336134	1160
ID1	102		0	0	7015	0	44
ID1	120		0	4	7018	0.0333333	580
ID1	120		0	4	7018	0.0333333	1160
ID1	120		0	4	7018	0.0333333	1740
ID1	103		0	0	7041	0	44
ID1	121		0	4	7044	0.0330579	580
ID1	121		0	4	7044	0.0330579	1160
ID1	104		0	0	7067	0	44
ID1	122		0	4	7070	0.0327869	580
ID1	122		0	4	7070	0.0327869	1160
ID1	105		0	0	7086	0	44
ID1	123		0	4	7089	0.0325203	580
ID1	123		0	4	7089	0.0325203	1160
ID1	123		0	4	7089	0.0325203	1740
ID1	106		0	0	7112	0	44
ID1	106		0	0	7112	0	88
ID1	124		0	4	7115	0.0322581	580
ID1	124		0	4	7115	0.0322581	1160
ID1	124		0	4	7115	0.0322581	1740
ID1	124		0	4	7115	0.0322581	2320
ID1	126		0	4	7315	0.031746	580
ID1	107		0	0	7538	0	44
ID1	127		0	4	7541	0.0314961	580
ID1	127		0	4	7541	0.0314961	1160
ID1	108		0	0	7557	0	44
ID1	128		0	4	7560	0.03125	580
ID1	128		0	4	7560	0.03125	1160
ID1	109		0	0	7576	0	44
ID1	129		0	4	7579	0.0310078	580
ID1	129		0	4	7579	0.0310078	1160
ID1	110		0	0	7602	0	44
ID1	130		0	4	7605	0.0307692	580
ID1	130		0	4	7605	0.0307692	1160
ID1	130		0	4	7605	0.0307692	1740
ID1	111		0	0	7628	0	44
ID1	131		0	4	7631	0.0305344	580
ID1	131		0	4	7631	0.0305344	1160
7649		7.0.0.2ID1	112		0	0	7654	0	44
ID1	132		0	4	7657	0.030303	580
ID1	132		0	4	7657	0.030303	1160
ID1	113		0	0	7673	0	44
ID1	133		0	4	7676	0.0300752	580
ID1	133		0	4	7676	0.0300752	1160
ID1	133		0	4	7676	0.0300752	1740
ID1	114		0	0	7692	0	44
ID1	114		0	0	7692	0	88
ID1	134		0	4	7695	0.0298507	580
ID1	134		0	4	7695	0.0298507	1160
ID1	134		0	4	7695	0.0298507	1740
ID1	134		0	4	7695	0.0298507	2320
ID1	136		0	4	7895	0.0294118	580
ID1	115		0	0	8118	0	44
ID1	137		0	4	8121	0.0291971	580
ID1	137		0	4	8121	0.0291971	1160
ID1	116		0	0	8144	0	44
ID1	138		0	4	8147	0.0289855	580
ID1	138		0	4	8147	0.0289855	1160
ID1	117		0	0	8163	0	44
ID1	139		0	4	8166	0.028777	580
ID1	139		0	4	8166	0.028777	1160
ID1	118		0	0	8182	0	44
ID1	140		0	4	8185	0.0285714	580
ID1	140		0	4	8185	0.0285714	1160
ID1	140		0	4	8185	0.0285714	1740
ID1	119		0	0	8208	0	44
ID1	141		0	4	8211	0.0283688	580
ID1	141		0	4	8211	0.0283688	1160
ID1	120		0	0	8227	0	44
ID1	142		0	4	8230	0.028169	580
ID1	142		0	4	8230	0.028169	1160
ID1	121		0	0	8253	0	44
ID1	143		0	4	8256	0.027972	580
ID1	143		0	4	8256	0.027972	1160
ID1	143		0	4	8256	0.027972	1740
ID1	122		0	0	8279	0	44
ID1	122		0	0	8279	0	88
ID1	144		0	4	8282	0.0277778	580
ID1	144		0	4	8282	0.0277778	1160
ID1	144		0	4	8282	0.0277778	1740
ID1	144		0	4	8282	0.0277778	2320
ID1	146		0	4	8482	0.0273973	580
ID1	123		0	0	8705	0	44
ID1	147		0	4	8708	0.0272109	580
ID1	147		0	4	8708	0.0272109	1160
ID1	124		0	0	8731	0	44
ID1	148		0	4	8734	0.027027	580
ID1	148		0	4	8734	0.027027	1160
ID1	125		0	0	8750	0	44
ID1	149		0	4	8753	0.0268456	580
ID1	149		0	4	8753	0.0268456	1160
ID1	126		0	0	8776	0	44
ID1	150		0	4	8779	0.0266667	580
ID1	150		0	4	8779	0.0266667	1160
ID1	150		0	4	8779	0.0266667	1740
ID1	127		0	0	8802	0	44
ID1	151		0	4	8805	0.0264901	580
ID1	151		0	4	8805	0.0264901	1160
ID1	128		0	0	8828	0	44
ID1	152		0	4	8831	0.0263158	580
ID1	152		0	4	8831	0.0263158	1160
ID1	129		0	0	8854	0	44
ID1	153		0	4	8857	0.0261438	580
ID1	153		0	4	8857	0.0261438	1160
ID1	153		0	4	8857	0.0261438	1740
ID1	130		0	0	8880	0	44
ID1	130		0	0	8880	0	88
ID1	154		0	4	8883	0.025974	580
ID1	154		0	4	8883	0.025974	1160
ID1	154		0	4	8883	0.025974	1740
ID1	154		0	4	8883	0.025974	2320
ID1	156		0	4	9083	0.025641	580
ID1	131		0	0	9299	0	44
ID1	157		0	4	9302	0.0254777	580
ID1	157		0	4	9302	0.0254777	1160
ID1	132		0	0	9325	0	44
ID1	158		0	4	9328	0.0253165	580
ID1	158		0	4	9328	0.0253165	1160
ID1	133		0	0	9351	0	44
ID1	159		0	4	9354	0.0251572	580
ID1	159		0	4	9354	0.0251572	1160
ID1	134		0	0	9377	0	44
ID1	160		0	4	9380	0.025	580
ID1	160		0	4	9380	0.025	1160
ID1	160		0	4	9380	0.025	1740
ID1	135		0	0	9403	0	44
ID1	161		0	4	9406	0.0248447	580
ID1	161		0	4	9406	0.0248447	1160
ID1	136		0	0	9429	0	44
ID1	162		0	4	9432	0.0246914	580
ID1	162		0	4	9432	0.0246914	1160
ID1	137		0	0	9455	0	44
ID1	163		0	4	9458	0.0245399	580
ID1	163		0	4	9458	0.0245399	1160
ID1	163		0	4	9458	0.0245399	1740
ID1	138		0	0	9481	0	44
ID1	138		0	0	9481	0	88
ID1	164		0	4	9484	0.0243902	580
ID1	164		0	4	9484	0.0243902	1160
ID1	164		0	4	9484	0.0243902	1740
ID1	164		0	4	9484	0.0243902	2320
ID1	166		0	4	9684	0.0240964	580
ID1	139		0	0	9907	0	44
ID1	167		0	4	9910	0.0239521	580
ID1	167		0	4	9910	0.0239521	1160
ID1	140		0	0	9933	0	44
ID1	168		0	4	9936	0.0238095	580
ID1	168		0	4	9936	0.0238095	1160
ID1	141		0	0	9959	0	44
ID1	169		0	4	9962	0.0236686	580
ID1	169		0	4	9962	0.0236686	1160
ID1	142		0	0	9978	0	44
ID1	170		0	4	9981	0.0235294	580
ID1	170		0	4	9981	0.0235294	1160
ID1	170		0	4	9981	0.0235294	1740
ID1	143		0	0	10004	0	44
ID1	171		0	4	10007	0.0233918	580
ID1	171		0	4	10007	0.0233918	1160
ID1	144		0	0	10030	0	44
ID1	172		0	4	10033	0.0232558	580
ID1	172		0	4	10033	0.0232558	1160
ID1	145		0	0	10049	0	44
ID1	173		0	4	10052	0.0231214	580
ID1	173		0	4	10052	0.0231214	1160
ID1	173		0	4	10052	0.0231214	1740
ID1	146		0	0	10075	0	44
ID1	146		0	0	10075	0	88
ID1	174		0	4	10078	0.0229885	580
ID1	174		0	4	10078	0.0229885	1160
ID1	174		0	4	10078	0.0229885	1740
ID1	174		0	4	10078	0.0229885	2320
ID1	176		0	4	10278	0.0227273	580
ID1	147		0	0	10501	0	44
ID1	177		0	4	10504	0.0225989	580
ID1	177		0	4	10504	0.0225989	1160
ID1	148		0	0	10527	0	44
ID1	178		0	4	10530	0.0224719	580
ID1	178		0	4	10530	0.0224719	1160
ID1	149		0	0	10553	0	44
ID1	179		0	4	10556	0.0223464	580
ID1	179		0	4	10556	0.0223464	1160
ID1	150		0	0	10579	0	44
ID1	180		0	4	10582	0.0222222	580
ID1	180		0	4	10582	0.0222222	1160
ID1	180		0	4	10582	0.0222222	1740
ID1	151		0	0	10605	0	44
ID1	181		0	4	10608	0.0220994	580
ID1	181		0	4	10608	0.0220994	1160
ID1	152		0	0	10631	0	44
ID1	182		0	4	10634	0.021978	580
ID1	182		0	4	10634	0.021978	1160
ID1	153		0	0	10657	0	44
ID1	183		0	4	10660	0.0218579	580
ID1	183		0	4	10660	0.0218579	1160
ID1	183		0	4	10660	0.0218579	1740
ID1	154		0	0	10676	0	44
ID1	154		0	0	10676	0	88
ID1	184		0	4	10679	0.0217391	580
ID1	184		0	4	10679	0.0217391	1160
ID1	184		0	4	10679	0.0217391	1740
ID1	184		0	4	10679	0.0217391	2320
ID1	186		0	4	10879	0.0215054	580
ID1	155		0	0	11095	0	44
ID1	187		0	4	11098	0.0213904	580
ID1	187		0	4	11098	0.0213904	1160
ID1	156		0	0	11121	0	44
ID1	188		0	4	11124	0.0212766	580
ID1	188		0	4	11124	0.0212766	1160
ID1	157		0	0	11147	0	44
ID1	189		0	4	11150	0.021164	580
ID1	189		0	4	11150	0.021164	1160
ID1	158		0	0	11173	0	44
ID1	190		0	4	11176	0.0210526	580
ID1	190		0	4	11176	0.0210526	1160
ID1	190		0	4	11176	0.0210526	1740
ID1	159		0	0	11192	0	44
ID1	191		0	4	11195	0.0209424	580
ID1	191		0	4	11195	0.0209424	1160
ID1	160		0	0	11218	0	44
ID1	192		0	4	11221	0.0208333	580
ID1	192		0	4	11221	0.0208333	1160
ID1	161		0	0	11244	0	44
ID1	193		0	4	11247	0.0207254	580
ID1	193		0	4	11247	0.0207254	1160
ID1	193		0	4	11247	0.0207254	1740
ID1	162		0	0	11263	0	44
ID1	162		0	0	11263	0	88
ID1	194		0	4	11266	0.0206186	580
ID1	194		0	4	11266	0.0206186	1160
ID1	194		0	4	11266	0.0206186	1740
ID1	194		0	4	11266	0.0206186	2320
ID1	196		0	4	11466	0.0204082	580
ID1	163		0	0	11689	0	44
ID1	197		0	4	11692	0.0203046	580
ID1	197		0	4	11692	0.0203046	1160
ID1	164		0	0	11708	0	44
ID1	198		0	4	11711	0.020202	580
ID1	198		0	4	11711	0.020202	1160
ID1	165		0	0	11734	0	44
ID1	199		0	4	11737	0.0201005	580
ID1	199		0	4	11737	0.0201005	1160
ID1	166		0	0	11760	0	44
ID1	200		0	4	11763	0.02	580
ID1	200		0	4	11763	0.02	1160
ID1	200		0	4	11763	0.02	1740
ID1	167		0	0	11786	0	44
ID1	201		0	4	11789	0.0199005	580
ID1	201		0	4	11789	0.0199005	1160
ID1	168		0	0	11812	0	44
ID1	202		0	4	11815	0.019802	580
ID1	202		0	4	11815	0.019802	1160
ID1	169		0	0	11838	0	44
ID1	203		0	4	11841	0.0197044	580
ID1	203		0	4	11841	0.0197044	1160
ID1	203		0	4	11841	0.0197044	1740
ID1	170		0	0	11864	0	44
ID1	170		0	0	11864	0	88
ID1	204		0	4	11867	0.0196078	580
ID1	204		0	4	11867	0.0196078	1160
ID1	204		0	4	11867	0.0196078	1740
ID1	204		0	4	11867	0.0196078	2320
ID1	206		0	4	12067	0.0194175	580
ID1	171		0	0	12290	0	44
ID1	207		0	4	12293	0.0193237	580
ID1	207		0	4	12293	0.0193237	1160
ID1	172		0	0	12316	0	44
ID1	208		0	4	12319	0.0192308	580
ID1	208		0	4	12319	0.0192308	1160
ID1	173		0	0	12342	0	44
ID1	209		0	4	12345	0.0191388	580
ID1	209		0	4	12345	0.0191388	1160
ID1	174		0	0	12368	0	44
ID1	210		0	4	12371	0.0190476	580
ID1	210		0	4	12371	0.0190476	1160
ID1	210		0	4	12371	0.0190476	1740
ID1	175		0	0	12394	0	44
ID1	211		0	4	12397	0.0189573	580
ID1	211		0	4	12397	0.0189573	1160
ID1	176		0	0	12420	0	44
ID1	212		0	4	12423	0.0188679	580
ID1	212		0	4	12423	0.0188679	1160
ID1	177		0	0	12439	0	44
ID1	213		0	4	12442	0.0187793	580
ID1	213		0	4	12442	0.0187793	1160
ID1	213		0	4	12442	0.0187793	1740
ID1	178		0	0	12465	0	44
ID1	178		0	0	12465	0	88
ID1	214		0	4	12468	0.0186916	580
ID1	214		0	4	12468	0.0186916	1160
ID1	214		0	4	12468	0.0186916	1740
ID1	214		0	4	12468	0.0186916	2320
ID1	216		0	4	12668	0.0185185	580
ID1	179		0	0	12891	0	44
ID1	217		0	4	12894	0.0184332	580
ID1	217		0	4	12894	0.0184332	1160
ID1	180		0	0	12917	0	44
ID1	218		0	4	12920	0.0183486	580
ID1	218		0	4	12920	0.0183486	1160
ID1	181		0	0	12943	0	44
ID1	219		0	4	12946	0.0182648	580
ID1	219		0	4	12946	0.0182648	1160
ID1	182		0	0	12969	0	44
ID1	220		0	4	12972	0.0181818	580
ID1	220		0	4	12972	0.0181818	1160
ID1	220		0	4	12972	0.0181818	1740
ID1	183		0	0	12995	0	44
ID1	221		0	4	12998	0.0180995	580
ID1	221		0	4	12998	0.0180995	1160
ID1	184		0	0	13014	0	44
ID1	222		0	4	13017	0.018018	580
ID1	222		0	4	13017	0.018018	1160
ID1	185		0	0	13040	0	44
ID1	223		0	4	13043	0.0179372	580
ID1	223		0	4	13043	0.0179372	1160
ID1	223		0	4	13043	0.0179372	1740
ID1	186		0	0	13059	0	44
ID1	186		0	0	13059	0	88
ID1	224		0	4	13062	0.0178571	580
ID1	224		0	4	13062	0.0178571	1160
ID1	224		0	4	13062	0.0178571	1740
ID1	224		0	4	13062	0.0178571	2320
ID1	226		0	4	13262	0.0176991	580
ID1	187		0	0	13485	0	44
ID1	227		0	4	13488	0.0176211	580
ID1	227		0	4	13488	0.0176211	1160
ID1	188		0	0	13504	0	44
ID1	228		0	4	13507	0.0175439	580
ID1	228		0	4	13507	0.0175439	1160
ID1	189		0	0	13523	0	44
ID1	229		0	4	13526	0.0174672	580
ID1	229		0	4	13526	0.0174672	1160
ID1	190		0	0	13549	0	44
ID1	230		0	4	13552	0.0173913	580
ID1	230		0	4	13552	0.0173913	1160
ID1	230		0	4	13552	0.0173913	1740
ID1	191		0	0	13568	0	44
ID1	231		0	4	13571	0.017316	580
ID1	231		0	4	13571	0.017316	1160
ID1	192		0	0	13587	0	44
ID1	232		0	4	13590	0.0172414	580
ID1	232		0	4	13590	0.0172414	1160
ID1	193		0	0	13613	0	44
ID1	233		0	4	13616	0.0171674	580
ID1	233		0	4	13616	0.0171674	1160
ID1	233		0	4	13616	0.0171674	1740
ID1	194		0	0	13639	0	44
ID1	194		0	0	13639	0	88
ID1	234		0	4	13642	0.017094	580
ID1	234		0	4	13642	0.017094	1160
ID1	234		0	4	13642	0.017094	1740
ID1	234		0	4	13642	0.017094	2320
ID1	236		0	4	13842	0.0169492	580
ID1	195		0	0	14058	0	44
ID1	237		0	4	14061	0.0168776	580
ID1	237		0	4	14061	0.0168776	1160
ID1	196		0	0	14077	0	44
ID1	238		0	4	14080	0.0168067	580
ID1	238		0	4	14080	0.0168067	1160
ID1	197		0	0	14103	0	44
ID1	239		0	4	14106	0.0167364	580
ID1	239		0	4	14106	0.0167364	1160
ID1	198		0	0	14122	0	44
ID1	240		0	4	14125	0.0166667	580
ID1	240		0	4	14125	0.0166667	1160
ID1	240		0	4	14125	0.0166667	1740
ID1	199		0	0	14148	0	44
ID1	241		0	4	14151	0.0165975	580
ID1	241		0	4	14151	0.0165975	1160
ID1	200		0	0	14167	0	44
ID1	242		0	4	14170	0.0165289	580
ID1	242		0	4	14170	0.0165289	1160
ID1	201		0	0	14193	0	44
ID1	243		0	4	14196	0.0164609	580
ID1	243		0	4	14196	0.0164609	1160
ID1	243		0	4	14196	0.0164609	1740
ID1	202		0	0	14219	0	44
ID1	202		0	0	14219	0	88
ID1	244		0	4	14222	0.0163934	580
ID1	244		0	4	14222	0.0163934	1160
ID1	244		0	4	14222	0.0163934	1740
ID1	244		0	4	14222	0.0163934	2320
ID1	203		0	0	14238	0	44
ID1	246		0	4	14241	0.0162602	580
ID1	246		0	4	14241	0.0162602	1160
ID1	204		0	0	14246	0	44
ID1	247		0	4	14249	0.0161943	580
ID1	247		0	4	14249	0.0161943	1160
ID1	205		0	0	14365	0	44
ID1	205		0	0	14365	0	88
ID1	248		0	4	14449	0.016129	580
ID1	206		0	0	14472	0	44
ID1	249		0	4	14475	0.0160643	580
ID1	249		0	4	14475	0.0160643	1160
ID1	207		0	0	14498	0	44
ID1	207		0	0	14498	0	88
14500		7.0.0.2		1ID1	250		0	4	14501	0.016	580
ID1	250		0	4	14501	0.016	1160
ID1	208		0	0	14517	0	44
ID1	251		0	4	14520	0.0159363	580
ID1	251		0	4	14520	0.0159363	1160
ID1	209		0	0	14543	0	44
ID1	252		0	4	14546	0.015873	580
ID1	252		0	4	14546	0.015873	1160
ID1	252		0	4	14546	0.015873	1740
ID1	210		0	0	14562	0	44
ID1	253		0	4	14565	0.0158103	580
ID1	253		0	4	14565	0.0158103	1160
ID1	211		0	0	14588	0	44
ID1	254		0	4	14591	0.015748	580
ID1	254		0	4	14591	0.015748	1160
ID1	212		0	0	14614	0	44
ID1	255		0	4	14617	0.0156863	580
ID1	255		0	4	14617	0.0156863	1160
ID1	255		0	4	14617	0.0156863	1740
ID1	213		0	0	14640	0	44
ID1	213		0	0	14640	0	88
ID1	256		0	4	14643	0.015625	580
ID1	256		0	4	14643	0.015625	1160
ID1	256		0	4	14643	0.015625	1740
ID1	256		0	4	14643	0.015625	2320
ID1	214		0	0	14659	0	44
ID1	258		0	4	14662	0.0155039	580
ID1	258		0	4	14662	0.0155039	1160
ID1	215		0	0	14667	0	44
ID1	259		0	4	14670	0.015444	580
ID1	259		0	4	14670	0.015444	1160
ID1	216		0	0	14786	0	44
ID1	216		0	0	14786	0	88
ID1	260		0	4	14870	0.0153846	580
ID1	217		0	0	14886	0	44
ID1	261		0	4	14889	0.0153257	580
ID1	261		0	4	14889	0.0153257	1160
ID1	218		0	0	14905	0	44
ID1	218		0	0	14905	0	88
ID1	262		0	4	14908	0.0152672	580
ID1	262		0	4	14908	0.0152672	1160
ID1	219		0	0	14924	0	44
ID1	263		0	4	14927	0.0152091	580
ID1	263		0	4	14927	0.0152091	1160
ID1	220		0	0	14950	0	44
ID1	264		0	4	14953	0.0151515	580
ID1	264		0	4	14953	0.0151515	1160
ID1	264		0	4	14953	0.0151515	1740
ID1	221		0	0	14976	0	44
ID1	265		0	4	14979	0.0150943	580
ID1	265		0	4	14979	0.0150943	1160
ID1	222		0	0	15002	0	44
ID1	266		0	4	15005	0.0150376	580
ID1	266		0	4	15005	0.0150376	1160
ID1	223		0	0	15202	0	44
ID1	267		0	4	15205	0.0149813	580
ID1	267		0	4	15205	0.0149813	1160
ID1	267		0	4	15205	0.0149813	1740
ID1	224		0	0	15321	0	44
ID1	224		0	0	15321	0	88
ID1	268		0	4	15324	0.0149254	580
ID1	268		0	4	15324	0.0149254	1160
ID1	225		0	0	15347	0	44
ID1	269		0	4	15350	0.0148699	580
ID1	269		0	4	15350	0.0148699	1160
ID1	226		0	0	15373	0	44
ID1	270		0	4	15376	0.0148148	580
ID1	270		0	4	15376	0.0148148	1160
ID1	270		0	4	15376	0.0148148	1740
ID1	227		0	0	15399	0	44
ID1	271		0	4	15402	0.0147601	580
ID1	271		0	4	15402	0.0147601	1160
ID1	228		0	0	15425	0	44
ID1	272		0	4	15428	0.0147059	580
ID1	272		0	4	15428	0.0147059	1160
ID1	229		0	0	15444	0	44
ID1	273		0	4	15447	0.014652	580
ID1	273		0	4	15447	0.014652	1160
ID1	273		0	4	15447	0.014652	1740
ID1	230		0	0	15470	0	44
ID1	230		0	0	15470	0	88
ID1	274		0	4	15473	0.0145985	580
ID1	274		0	4	15473	0.0145985	1160
ID1	274		0	4	15473	0.0145985	1740
ID1	274		0	4	15473	0.0145985	2320
ID1	276		0	4	15673	0.0144928	580
ID1	231		0	0	15889	0	44
ID1	277		0	4	15892	0.0144404	580
ID1	277		0	4	15892	0.0144404	1160
ID1	232		0	0	15915	0	44
ID1	278		0	4	15918	0.0143885	580
ID1	278		0	4	15918	0.0143885	1160
ID1	233		0	0	15934	0	44
ID1	279		0	4	15937	0.0143369	580
ID1	279		0	4	15937	0.0143369	1160
ID1	234		0	0	15960	0	44
ID1	280		0	4	15963	0.0142857	580
ID1	280		0	4	15963	0.0142857	1160
ID1	280		0	4	15963	0.0142857	1740
ID1	235		0	0	15979	0	44
ID1	281		0	4	15982	0.0142349	580
ID1	281		0	4	15982	0.0142349	1160
ID1	236		0	0	16005	0	44
ID1	282		0	4	16008	0.0141844	580
ID1	282		0	4	16008	0.0141844	1160
ID1	237		0	0	16024	0	44
ID1	283		0	4	16027	0.0141343	580
ID1	283		0	4	16027	0.0141343	1160
ID1	283		0	4	16027	0.0141343	1740
ID1	238		0	0	16050	0	44
ID1	238		0	0	16050	0	88
ID1	284		0	4	16053	0.0140845	580
ID1	284		0	4	16053	0.0140845	1160
ID1	284		0	4	16053	0.0140845	1740
ID1	284		0	4	16053	0.0140845	2320
ID1	239		0	0	16069	0	44
ID1	240		0	0	16070	0	44
ID1	286		0	4	16072	0.013986	580
ID1	286		0	4	16072	0.013986	1160
ID1	286		1	5	16073	0.0174825	1740
ID1	286		1	6	16073	0.020979	2320
ID1	241		0	0	16088	0	44
ID1	288		0	6	16091	0.0208333	580
ID1	288		0	6	16091	0.0208333	1160
ID1	288		0	6	16091	0.0208333	1740
ID1	242		0	0	16214	0	44
ID1	242		0	0	16214	0	88
ID1	242		0	0	16214	0	132
ID1	289		0	6	16217	0.0207612	580
ID1	243		0	0	16240	0	44
ID1	290		0	6	16243	0.0206897	580
ID1	244		0	0	16259	0	44
ID1	291		0	6	16262	0.0206186	580
ID1	291		0	6	16262	0.0206186	1160
ID1	245		0	0	16285	0	44
ID1	292		0	6	16288	0.0205479	580
ID1	292		0	6	16288	0.0205479	1160
ID1	292		0	6	16288	0.0205479	1740
ID1	246		0	0	16311	0	44
ID1	293		0	6	16314	0.0204778	580
ID1	293		0	6	16314	0.0204778	1160
ID1	247		0	0	16337	0	44
ID1	294		0	6	16340	0.0204082	580
ID1	294		0	6	16340	0.0204082	1160
ID1	248		0	0	16363	0	44
ID1	295		0	6	16366	0.020339	580
ID1	295		0	6	16366	0.020339	1160
ID1	295		0	6	16366	0.020339	1740
ID1	249		0	0	16382	0	44
ID1	249		0	0	16382	0	88
ID1	296		0	6	16385	0.0202703	580
ID1	296		0	6	16385	0.0202703	1160
ID1	296		0	6	16385	0.0202703	1740
ID1	296		0	6	16385	0.0202703	2320
ID1	250		0	0	16401	0	44
ID1	251		0	0	16402	0	44
ID1	298		0	6	16404	0.0201342	580
ID1	298		0	6	16404	0.0201342	1160
ID1	298		1	7	16405	0.0234899	1740
ID1	298		1	8	16405	0.0268456	2320
ID1	300		0	8	16605	0.0266667	580
ID1	252		0	0	16821	0	44
ID1	301		0	8	16824	0.0265781	580
ID1	301		0	8	16824	0.0265781	1160
ID1	253		0	0	16847	0	44
ID1	302		0	8	16850	0.0264901	580
ID1	302		0	8	16850	0.0264901	1160
ID1	254		0	0	16873	0	44
ID1	303		0	8	16876	0.0264026	580
ID1	303		0	8	16876	0.0264026	1160
ID1	255		0	0	16892	0	44
ID1	304		0	8	16895	0.0263158	580
ID1	304		0	8	16895	0.0263158	1160
ID1	304		0	8	16895	0.0263158	1740
ID1	256		0	0	16911	0	44
ID1	305		0	8	16914	0.0262295	580
ID1	305		0	8	16914	0.0262295	1160
ID1	257		0	0	16937	0	44
ID1	306		0	8	16940	0.0261438	580
ID1	306		0	8	16940	0.0261438	1160
ID1	258		0	0	16963	0	44
ID1	307		0	8	16966	0.0260586	580
ID1	307		0	8	16966	0.0260586	1160
ID1	307		0	8	16966	0.0260586	1740
ID1	259		0	0	16989	0	44
ID1	259		0	0	16989	0	88
ID1	308		0	8	16992	0.025974	580
ID1	308		0	8	16992	0.025974	1160
ID1	308		0	8	16992	0.025974	1740
ID1	308		0	8	16992	0.025974	2320
ID1	310		0	8	17192	0.0258065	580
ID1	260		0	0	17415	0	44
ID1	311		0	8	17418	0.0257235	580
ID1	311		0	8	17418	0.0257235	1160
ID1	261		0	0	17441	0	44
ID1	312		0	8	17444	0.025641	580
ID1	312		0	8	17444	0.025641	1160
ID1	262		0	0	17467	0	44
ID1	313		0	8	17470	0.0255591	580
ID1	313		0	8	17470	0.0255591	1160
ID1	263		0	0	17493	0	44
ID1	314		0	8	17496	0.0254777	580
ID1	314		0	8	17496	0.0254777	1160
ID1	314		0	8	17496	0.0254777	1740
ID1	264		0	0	17519	0	44
ID1	315		0	8	17522	0.0253968	580
ID1	315		0	8	17522	0.0253968	1160
ID1	265		0	0	17538	0	44
ID1	316		0	8	17541	0.0253165	580
ID1	316		0	8	17541	0.0253165	1160
ID1	266		0	0	17564	0	44
ID1	317		0	8	17567	0.0252366	580
ID1	317		0	8	17567	0.0252366	1160
ID1	317		0	8	17567	0.0252366	1740
ID1	267		0	0	17590	0	44
ID1	267		0	0	17590	0	88
ID1	318		0	8	17593	0.0251572	580
ID1	318		0	8	17593	0.0251572	1160
ID1	318		0	8	17593	0.0251572	1740
ID1	318		0	8	17593	0.0251572	2320
ID1	268		0	0	17609	0	44
ID1	320		0	8	17612	0.025	580
ID1	320		0	8	17612	0.025	1160
ID1	269		0	0	17617	0	44
ID1	321		0	8	17620	0.0249221	580
ID1	321		0	8	17620	0.0249221	1160
ID1	270		0	0	17628	0	44
ID1	322		0	8	17631	0.0248447	580
ID1	322		0	8	17631	0.0248447	1160
ID1	322		0	8	17631	0.0248447	1740
ID1	271		0	0	17754	0	44
ID1	271		0	0	17754	0	88
ID1	271		0	0	17754	0	132
ID1	323		0	8	17757	0.0247678	580
ID1	272		0	0	17773	0	44
ID1	324		0	8	17776	0.0246914	580
ID1	324		0	8	17776	0.0246914	1160
ID1	273		0	0	17792	0	44
ID1	273		0	0	17792	0	88
ID1	325		0	8	17795	0.0246154	580
ID1	325		0	8	17795	0.0246154	1160
ID1	274		0	0	17811	0	44
ID1	326		0	8	17814	0.0245399	580
ID1	326		0	8	17814	0.0245399	1160
ID1	326		0	8	17814	0.0245399	1740
ID1	275		0	0	17830	0	44
ID1	327		0	8	17833	0.0244648	580
ID1	327		0	8	17833	0.0244648	1160
17850		7.0.0.2		151.093		23.3102	ID1	276		0	0	17856	0	44
ID1	328		0	8	17859	0.0243902	580
ID1	328		0	8	17859	0.0243902	1160
ID1	277		0	0	17882	0	44
ID1	329		0	8	17885	0.0243161	580
ID1	329		0	8	17885	0.0243161	1160
ID1	329		0	8	17885	0.0243161	1740
ID1	278		0	0	17908	0	44
ID1	278		0	0	17908	0	88
ID1	330		0	8	17911	0.0242424	580
ID1	330		0	8	17911	0.0242424	1160
ID1	330		0	8	17911	0.0242424	1740
ID1	330		0	8	17911	0.0242424	2320
ID1	332		0	8	18111	0.0240964	580
ID1	279		0	0	18334	0	44
ID1	333		0	8	18337	0.024024	580
ID1	333		0	8	18337	0.024024	1160
ID1	280		0	0	18360	0	44
ID1	334		0	8	18363	0.0239521	580
ID1	334		0	8	18363	0.0239521	1160
ID1	281		0	0	18386	0	44
ID1	335		0	8	18389	0.0238806	580
ID1	335		0	8	18389	0.0238806	1160
ID1	282		0	0	18412	0	44
ID1	336		0	8	18415	0.0238095	580
ID1	336		0	8	18415	0.0238095	1160
ID1	336		0	8	18415	0.0238095	1740
ID1	283		0	0	18438	0	44
ID1	337		0	8	18441	0.0237389	580
ID1	337		0	8	18441	0.0237389	1160
ID1	284		0	0	18457	0	44
ID1	338		0	8	18460	0.0236686	580
ID1	338		0	8	18460	0.0236686	1160
ID1	285		0	0	18476	0	44
ID1	339		0	8	18479	0.0235988	580
ID1	339		0	8	18479	0.0235988	1160
ID1	339		0	8	18479	0.0235988	1740
ID1	286		0	0	18495	0	44
ID1	286		0	0	18495	0	88
ID1	340		0	8	18498	0.0235294	580
ID1	340		0	8	18498	0.0235294	1160
ID1	340		0	8	18498	0.0235294	1740
ID1	340		0	8	18498	0.0235294	2320
ID1	342		0	8	18698	0.0233918	580
ID1	287		0	0	18921	0	44
ID1	343		0	8	18924	0.0233236	580
ID1	343		0	8	18924	0.0233236	1160
ID1	288		0	0	18947	0	44
ID1	344		0	8	18950	0.0232558	580
ID1	344		0	8	18950	0.0232558	1160
ID1	289		0	0	18973	0	44
ID1	345		0	8	18976	0.0231884	580
ID1	345		0	8	18976	0.0231884	1160
ID1	290		0	0	18992	0	44
ID1	346		0	8	18995	0.0231214	580
ID1	346		0	8	18995	0.0231214	1160
ID1	346		0	8	18995	0.0231214	1740
ID1	291		0	0	19018	0	44
ID1	347		0	8	19021	0.0230548	580
ID1	347		0	8	19021	0.0230548	1160
ID1	292		0	0	19037	0	44
ID1	348		0	8	19040	0.0229885	580
ID1	348		0	8	19040	0.0229885	1160
ID1	293		0	0	19056	0	44
ID1	349		0	8	19059	0.0229226	580
ID1	349		0	8	19059	0.0229226	1160
ID1	349		0	8	19059	0.0229226	1740
ID1	294		0	0	19082	0	44
ID1	294		0	0	19082	0	88
ID1	350		0	8	19085	0.0228571	580
ID1	350		0	8	19085	0.0228571	1160
ID1	350		0	8	19085	0.0228571	1740
ID1	350		0	8	19085	0.0228571	2320
ID1	295		0	0	19101	0	44
ID1	352		0	8	19104	0.0227273	580
ID1	352		0	8	19104	0.0227273	1160
ID1	296		0	0	19109	0	44
ID1	353		0	8	19112	0.0226629	580
ID1	353		0	8	19112	0.0226629	1160
ID1	297		0	0	19228	0	44
ID1	297		0	0	19228	0	88
ID1	354		0	8	19312	0.0225989	580
ID1	298		0	0	19335	0	44
ID1	355		0	8	19338	0.0225352	580
ID1	355		0	8	19338	0.0225352	1160
ID1	299		0	0	19354	0	44
ID1	299		0	0	19354	0	88
ID1	356		0	8	19357	0.0224719	580
ID1	356		0	8	19357	0.0224719	1160
ID1	300		0	0	19380	0	44
ID1	357		0	8	19383	0.022409	580
ID1	357		0	8	19383	0.022409	1160
ID1	301		0	0	19399	0	44
ID1	358		0	8	19402	0.0223464	580
ID1	358		0	8	19402	0.0223464	1160
ID1	358		0	8	19402	0.0223464	1740
ID1	302		0	0	19425	0	44
ID1	359		0	8	19428	0.0222841	580
ID1	359		0	8	19428	0.0222841	1160
ID1	303		0	0	19451	0	44
ID1	360		0	8	19454	0.0222222	580
ID1	360		0	8	19454	0.0222222	1160
ID1	304		0	0	19477	0	44
ID1	361		0	8	19480	0.0221607	580
ID1	361		0	8	19480	0.0221607	1160
ID1	361		0	8	19480	0.0221607	1740
ID1	305		0	0	19496	0	44
ID1	305		0	0	19496	0	88
ID1	362		0	8	19499	0.0220994	580
ID1	362		0	8	19499	0.0220994	1160
ID1	362		0	8	19499	0.0220994	1740
ID1	362		0	8	19499	0.0220994	2320
ID1	364		0	8	19699	0.021978	580
ID1	306		0	0	19922	0	44
ID1	365		0	8	19925	0.0219178	580
ID1	365		0	8	19925	0.0219178	1160
ID1	307		0	0	19948	0	44
ID1	366		0	8	19951	0.0218579	580
ID1	366		0	8	19951	0.0218579	1160
ID1	308		0	0	19974	0	44
ID1	367		0	8	19977	0.0217984	580
ID1	367		0	8	19977	0.0217984	1160
ID1	309		0	0	20000	0	44
ID1	368		0	8	20003	0.0217391	580
ID1	368		0	8	20003	0.0217391	1160
ID1	368		0	8	20003	0.0217391	1740
ID1	310		0	0	20026	0	44
ID1	369		0	8	20029	0.0216802	580
ID1	369		0	8	20029	0.0216802	1160
ID1	311		0	0	20045	0	44
ID1	370		0	8	20048	0.0216216	580
ID1	370		0	8	20048	0.0216216	1160
ID1	312		0	0	20071	0	44
ID1	371		0	8	20074	0.0215633	580
ID1	371		0	8	20074	0.0215633	1160
ID1	371		0	8	20074	0.0215633	1740
ID1	313		0	0	20097	0	44
ID1	313		0	0	20097	0	88
ID1	372		0	8	20100	0.0215054	580
ID1	372		0	8	20100	0.0215054	1160
ID1	372		0	8	20100	0.0215054	1740
ID1	372		0	8	20100	0.0215054	2320
ID1	314		0	0	20116	0	44
ID1	374		0	8	20119	0.0213904	580
ID1	374		0	8	20119	0.0213904	1160
ID1	315		0	0	20124	0	44
ID1	375		0	8	20127	0.0213333	580
ID1	375		0	8	20127	0.0213333	1160
ID1	376		0	8	20327	0.0212766	580
ID1	377		0	8	20727	0.0212202	580
21200		7.0.0.2		152.924		22.9968		68		797		518760		0		2ID1	378		0	8	21527	0.021164	580
ID1	379		0	8	23127	0.0211082	580
246ID1	380		0	8	26327	0.0210526	580
31200		7.0.0.2		152.924		22.9968		129		800		5247ID1	381		0	8	32727	0.0209974	580
44ID1	382		0	8	45527	0.0209424	580
57649		7.0.0.2		15ID1	383		0	8	58327	0.0208877	580
70849		7.0.0.2		152.924		22.9968		ID1	384		0	8	71127	0.0208333	580
80749		7.0.0.2		152.924		22.9968		135		804		53ID1	385		0	8	83927	0.0207792	580
ID1	386		0	8	96727	0.0207254	580
