% time	cellId	IMSI	RNTI	sinrLinear
0.041	1	1	1	60.3337
0.081	1	1	1	13.8339
0.121	1	1	1	72.5265
0.161	1	1	1	82.8997
0.201	1	1	1	10.7849
0.241	1	1	1	73.4789
0.281	1	1	1	97.2426
0.321	1	1	1	40.0189
0.361	1	1	1	34.3922
0.401	1	1	1	32.6361
0.441	1	1	1	26.6564
0.481	1	1	1	11.3611
0.521	1	1	1	101.613
0.561	1	1	1	71.1758
0.601	1	1	1	32.2073
0.641	1	1	1	35.318
0.681	1	1	1	30.3188
0.721	1	1	1	20.9466
0.761	1	1	1	9.19412
0.801	1	1	1	33.8772
0.841	1	1	1	73.2658
0.881	1	1	1	110.048
0.921	1	1	1	86.0727
0.961	1	1	1	19.0597
1.001	1	1	1	68.9276
1.041	1	1	1	45.8237
1.081	1	1	1	22.8343
1.121	1	1	1	3.39258
1.161	1	1	1	6.9289
1.201	1	1	1	9.06967
1.241	1	1	1	68.3001
1.281	1	1	1	105.143
1.321	1	1	1	29.687
1.361	1	1	1	18.8309
1.401	1	1	1	45.207
1.441	1	1	1	10.0996
1.481	1	1	1	26.6036
1.521	1	1	1	41.0485
1.561	1	1	1	52.5207
1.601	1	1	1	93.7185
1.641	1	1	1	28.6771
1.681	1	1	1	92.2841
1.721	1	1	1	92.9514
1.761	1	1	1	8.07358
1.801	1	1	1	92.6552
1.841	1	1	1	83.317
1.881	1	1	1	28.672
1.921	1	1	1	58.6942
1.961	1	1	1	57.4987
2.001	1	1	1	6.98585
2.041	1	1	1	10.3202
2.081	1	1	1	64.7664
2.121	1	1	1	106.985
2.161	1	1	1	61.5238
2.201	1	1	1	53.5544
2.241	1	1	1	45.7661
2.281	1	1	1	8.73333
2.321	1	1	1	3.4084
2.361	1	1	1	6.1224
2.401	1	1	1	11.4455
2.441	1	1	1	8.7401
2.481	1	1	1	27.5313
2.521	1	1	1	29.4441
2.561	1	1	1	20.3676
2.601	1	1	1	5.21881
2.641	1	1	1	12.6476
2.681	1	1	1	17.357
2.721	1	1	1	28.6711
2.761	1	1	1	21.4177
2.801	1	1	1	18.1568
2.841	1	1	1	7.94326
2.881	1	1	1	21.3452
2.921	1	1	1	38.8219
2.961	1	1	1	6.31246
3.001	1	1	1	97.9113
3.041	1	1	1	79.6673
3.081	1	1	1	25.7006
3.121	1	1	1	21.7713
3.161	1	1	1	4.86047
3.201	1	1	1	6.29732
3.241	1	1	1	32.361
3.281	1	1	1	33.8916
3.321	1	1	1	5.63199
3.361	1	1	1	54.9632
3.401	1	1	1	54.9133
3.441	1	1	1	9.02678
3.481	1	1	1	11.7058
3.521	1	1	1	37.865
3.561	1	1	1	10.1002
3.601	1	1	1	30.5033
3.641	1	1	1	115.105
3.681	1	1	1	100.58
3.721	1	1	1	9.56359
3.761	1	1	1	56.5471
3.801	1	1	1	69.3832
3.841	1	1	1	2.06075
3.881	1	1	1	46.2287
3.921	1	1	1	57.0346
3.961	1	1	1	5.40113
4.001	1	1	1	26.049
4.041	1	1	1	21.9207
4.081	1	1	1	5.18394
4.121	1	1	1	5.88596
4.161	1	1	1	31.5253
4.201	1	1	1	34.5571
4.241	1	1	1	5.47043
4.281	1	1	1	53.3176
4.321	1	1	1	56.0346
4.361	1	1	1	9.3444
4.401	1	1	1	11.7206
4.441	1	1	1	1.7726
4.481	1	1	1	16.865
4.521	1	1	1	44.0631
4.561	1	1	1	59.0027
4.601	1	1	1	17.3329
4.641	1	1	1	45.0379
4.681	1	1	1	22.8401
4.721	1	1	1	13.5703
4.761	1	1	1	20.4955
4.801	1	1	1	10.3901
4.841	1	1	1	53.3736
4.881	1	1	1	28.1384
4.921	1	1	1	13.8478
4.961	1	1	1	52.0119
5.001	1	1	1	18.3408
5.041	1	1	1	15.3658
5.081	1	1	1	44.3835
5.121	1	1	1	99.7285
5.161	1	1	1	48.2975
5.201	1	1	1	19.7195
5.241	1	1	1	65.3181
5.281	1	1	1	44.8921
5.321	1	1	1	111.263
5.361	1	1	1	138.399
5.401	1	1	1	27.5831
5.441	1	1	1	5.98376
5.481	1	1	1	11.3603
5.521	1	1	1	39.5102
5.561	1	1	1	31.3516
5.601	1	1	1	9.87751
5.641	1	1	1	23.3929
5.681	1	1	1	7.32376
5.721	1	1	1	46.2302
5.761	1	1	1	38.687
5.801	1	1	1	8.49549
5.841	1	1	1	48.1071
5.881	1	1	1	35.047
5.921	1	1	1	19.3602
5.961	1	1	1	32.8995
6.001	1	1	1	48.7022
6.041	1	1	1	29.9629
6.081	1	1	1	1.22173
6.121	1	1	1	33.3524
6.161	1	1	1	73.1145
6.201	1	1	1	53.8707
6.241	1	1	1	22.5388
6.281	1	1	1	16.2766
6.321	1	1	1	1.45889
6.361	1	1	1	37.4799
6.401	1	1	1	70.8882
6.441	1	1	1	59.8243
6.481	1	1	1	57.2366
6.521	1	1	1	48.2676
6.561	1	1	1	18.6196
6.601	1	1	1	11.9173
6.641	1	1	1	10.7476
6.681	1	1	1	27.8818
6.721	1	1	1	32.5525
6.761	1	1	1	10.3125
6.801	1	1	1	20.0994
6.841	1	1	1	72.036
6.881	1	1	1	109.847
6.921	1	1	1	59.7552
6.961	1	1	1	9.36959
7.001	1	1	1	30.1675
7.041	1	1	1	6.1454
7.081	1	1	1	13.8186
7.121	1	1	1	10.2155
7.161	1	1	1	32.4304
7.201	1	1	1	72.5606
7.241	1	1	1	35.4228
7.281	1	1	1	6.32485
7.321	1	1	1	27.2917
7.361	1	1	1	50.9534
7.401	1	1	1	32.9466
7.441	1	1	1	11.4405
7.481	1	1	1	5.0321
7.521	1	1	1	1.94209
7.561	1	1	1	15.4301
7.601	1	1	1	44.335
7.641	1	1	1	92.3424
7.681	1	1	1	67.1545
7.721	1	1	1	12.1219
7.761	1	1	1	10.0616
7.801	1	1	1	18.8449
7.841	1	1	1	88.357
7.881	1	1	1	56.5628
7.921	1	1	1	5.74062
7.961	1	1	1	51.7886
8.001	1	1	1	4.65002
8.041	1	1	1	29.742
8.081	1	1	1	40.333
8.121	1	1	1	16.0472
8.161	1	1	1	16.3946
8.201	1	1	1	8.3667
8.241	1	1	1	8.81936
8.281	1	1	1	25.517
8.321	1	1	1	7.52351
8.361	1	1	1	25.6661
8.401	1	1	1	81.2273
8.441	1	1	1	81.9415
8.481	1	1	1	29.1004
8.521	1	1	1	14.0473
8.561	1	1	1	87.8013
8.601	1	1	1	113.107
8.641	1	1	1	93.7765
8.681	1	1	1	80.1061
8.721	1	1	1	10.8458
8.761	1	1	1	56.0137
8.801	1	1	1	139.685
8.841	1	1	1	86.851
8.881	1	1	1	52.7349
8.921	1	1	1	44.3301
8.961	1	1	1	13.1248
9.001	1	1	1	36.9493
9.041	1	1	1	30.2921
9.081	1	1	1	12.5444
9.121	1	1	1	3.40827
9.161	1	1	1	7.37923
9.201	1	1	1	20.2636
9.241	1	1	1	28.7905
9.281	1	1	1	11.6865
9.321	1	1	1	8.24918
9.361	1	1	1	45.1922
9.401	1	1	1	61.004
9.441	1	1	1	25.6666
9.481	1	1	1	3.16135
9.521	1	1	1	117.838
9.561	1	1	1	129.173
9.601	1	1	1	24.6414
9.641	1	1	1	9.19616
9.681	1	1	1	15.4658
9.721	1	1	1	8.16993
9.761	1	1	1	44.6305
9.801	1	1	1	24.6928
9.841	1	1	1	11.3038
9.881	1	1	1	7.54171
9.921	1	1	1	2.8415
9.961	1	1	1	14.0691
10.001	1	1	1	18.8168
10.041	1	1	1	24.8167
10.081	1	1	1	18.3722
10.121	1	1	1	3.63292
10.161	1	1	1	28.3646
10.201	1	1	1	37.2084
10.241	1	1	1	3.01935
10.281	1	1	1	43.9091
10.321	1	1	1	57.8798
10.361	1	1	1	6.68529
10.401	1	1	1	29.9003
10.441	1	1	1	39.6822
10.481	1	1	1	14.5188
10.521	1	1	1	12.3218
10.561	1	1	1	61.7208
10.601	1	1	1	48.1424
10.641	1	1	1	33.9513
10.681	1	1	1	64.9053
10.721	1	1	1	76.0489
10.761	1	1	1	54.6791
10.801	1	1	1	9.79734
10.841	1	1	1	26.5165
10.881	1	1	1	22.6866
10.921	1	1	1	9.14079
10.961	1	1	1	45.5663
11.001	1	1	1	65.3236
11.041	1	1	1	43.6101
11.081	1	1	1	9.77732
11.121	1	1	1	9.80117
11.161	1	1	1	4.90789
11.201	1	1	1	11.7324
11.241	1	1	1	19.059
11.281	1	1	1	13.7353
11.321	1	1	1	45.6422
11.361	1	1	1	61.5704
11.401	1	1	1	46.2217
11.441	1	1	1	21.9476
11.481	1	1	1	14.9913
11.521	1	1	1	20.5609
11.561	1	1	1	72.1709
11.601	1	1	1	107.587
11.641	1	1	1	56.7599
11.681	1	1	1	8.89437
11.721	1	1	1	18.9633
11.761	1	1	1	50.2162
11.801	1	1	1	92.109
11.841	1	1	1	66.1806
11.881	1	1	1	24.8435
11.921	1	1	1	10.07
11.961	1	1	1	2.25354
12.001	1	1	1	22.1166
12.041	1	1	1	11.2741
12.081	1	1	1	9.0523
12.121	1	1	1	2.30812
12.161	1	1	1	4.05091
12.201	1	1	1	21.0654
12.241	1	1	1	29.5965
12.281	1	1	1	41.8139
12.321	1	1	1	88.7916
12.361	1	1	1	91.6293
12.401	1	1	1	34.9664
12.441	1	1	1	17.9623
12.481	1	1	1	23.3531
12.521	1	1	1	44.0947
12.561	1	1	1	16.2068
12.601	1	1	1	1.11663
12.641	1	1	1	6.71582
12.681	1	1	1	9.62847
12.721	1	1	1	6.03356
12.761	1	1	1	14.5394
12.801	1	1	1	56.5413
12.841	1	1	1	86.9978
12.881	1	1	1	49.876
12.921	1	1	1	9.57411
12.961	1	1	1	5.0812
13.001	1	1	1	10.1092
13.041	1	1	1	14.6962
13.081	1	1	1	39.7559
13.121	1	1	1	27.0765
13.161	1	1	1	4.52817
13.201	1	1	1	14.8634
13.241	1	1	1	18.0963
13.281	1	1	1	24.7866
13.321	1	1	1	14.8267
13.361	1	1	1	39.7248
13.401	1	1	1	84.025
13.441	1	1	1	74.3011
13.481	1	1	1	39.2327
13.521	1	1	1	50.9302
13.561	1	1	1	24.3387
13.601	1	1	1	55.7352
13.641	1	1	1	28.2399
13.681	1	1	1	29.2699
13.721	1	1	1	75.9795
13.761	1	1	1	15.7761
13.801	1	1	1	32.0416
13.841	1	1	1	62.2001
13.881	1	1	1	23.8818
13.921	1	1	1	38.0423
13.961	1	1	1	23.8527
14.001	1	1	1	1.76789
14.041	1	1	1	14.8848
14.081	1	1	1	34.2998
14.121	1	1	1	22.8273
14.161	1	1	1	4.37738
14.201	1	1	1	1.38918
14.241	1	1	1	5.51422
14.281	1	1	1	9.12206
14.321	1	1	1	14.8772
14.361	1	1	1	24.3704
14.401	1	1	1	21.2821
14.441	1	1	1	12.9516
14.481	1	1	1	37.5743
14.521	1	1	1	31.2393
14.561	1	1	1	22.6034
14.601	1	1	1	10.01
14.641	1	1	1	8.66144
14.681	1	1	1	13.3145
14.721	1	1	1	8.13073
14.761	1	1	1	13.2009
14.801	1	1	1	24.89
14.841	1	1	1	17.7788
14.881	1	1	1	38.6516
14.921	1	1	1	33.8247
14.961	1	1	1	11.4538
15.001	1	1	1	9.05495
15.041	1	1	1	28.6721
15.081	1	1	1	15.0498
15.121	1	1	1	4.66998
15.161	1	1	1	6.89504
15.201	1	1	1	12.8736
15.241	1	1	1	11.2213
15.281	1	1	1	74.7968
15.321	1	1	1	106.659
15.361	1	1	1	36.8376
15.401	1	1	1	24.0768
15.441	1	1	1	49.6792
15.481	1	1	1	51.7313
15.521	1	1	1	1.60964
15.561	1	1	1	23.423
15.601	1	1	1	46.563
15.641	1	1	1	29.6111
15.681	1	1	1	31.999
15.721	1	1	1	17.9663
15.761	1	1	1	2.62707
15.801	1	1	1	20.2371
15.841	1	1	1	19.7899
15.881	1	1	1	10.3484
15.921	1	1	1	8.18831
15.961	1	1	1	1.29626
16.001	1	1	1	3.09472
16.041	1	1	1	45.4311
16.081	1	1	1	73.5186
16.121	1	1	1	23.6013
16.161	1	1	1	90.631
16.201	1	1	1	114.54
16.241	1	1	1	34.8653
16.281	1	1	1	7.56457
16.321	1	1	1	1.2053
16.361	1	1	1	4.25955
16.401	1	1	1	4.1998
16.441	1	1	1	6.08398
16.481	1	1	1	9.36103
16.521	1	1	1	29.4004
16.561	1	1	1	26.1736
16.601	1	1	1	22.1055
16.641	1	1	1	77.9649
16.681	1	1	1	90.8772
16.721	1	1	1	49.2653
16.761	1	1	1	29.7694
16.801	1	1	1	4.72888
16.841	1	1	1	30.545
16.881	1	1	1	54.1047
16.921	1	1	1	15.9583
16.961	1	1	1	8.77195
17.001	1	1	1	29.3758
17.041	1	1	1	13.8881
17.081	1	1	1	8.07748
17.121	1	1	1	11.2625
17.161	1	1	1	11.6461
17.201	1	1	1	7.42143
17.241	1	1	1	22.2901
17.281	1	1	1	19.9395
17.321	1	1	1	26.0087
17.361	1	1	1	43.7343
17.401	1	1	1	14.4771
17.441	1	1	1	31.375
17.481	1	1	1	56.4976
17.521	1	1	1	18.324
17.561	1	1	1	13.3324
17.601	1	1	1	40.4227
17.641	1	1	1	56.6275
17.681	1	1	1	7.12949
17.721	1	1	1	30.8726
17.761	1	1	1	40.0398
17.801	1	1	1	9.94655
17.841	1	1	1	31.9717
17.881	1	1	1	54.6384
17.921	1	1	1	48.3913
17.961	1	1	1	33.6846
18.001	1	1	1	27.2762
18.041	1	1	1	39.4267
18.081	1	1	1	14.1975
18.121	1	1	1	36.4168
18.161	1	1	1	93.9165
18.201	1	1	1	59.1594
18.241	1	1	1	15.2676
18.281	1	1	1	28.7606
18.321	1	1	1	15.5127
18.361	1	1	1	18.8246
18.401	1	1	1	89.7435
18.441	1	1	1	99.0632
18.481	1	1	1	33.3279
18.521	1	1	1	57.8929
18.561	1	1	1	7.59825
18.601	1	1	1	16.4604
18.641	1	1	1	11.6336
18.681	1	1	1	4.8052
18.721	1	1	1	12.3213
18.761	1	1	1	28.4311
18.801	1	1	1	52.1843
18.841	1	1	1	12.1607
18.881	1	1	1	13.52
18.921	1	1	1	16.7403
18.961	1	1	1	1.38139
19.001	1	1	1	61.7389
19.041	1	1	1	79.273
19.081	1	1	1	42.1222
19.121	1	1	1	23.6819
19.161	1	1	1	10.381
19.201	1	1	1	1.48742
19.241	1	1	1	16.3127
19.281	1	1	1	10.8426
19.321	1	1	1	14.7128
19.361	1	1	1	33.6934
19.401	1	1	1	12.9282
19.441	1	1	1	21.262
19.481	1	1	1	20.6295
19.521	1	1	1	43.4764
19.561	1	1	1	3.98569
19.601	1	1	1	46.5517
19.641	1	1	1	54.3789
19.681	1	1	1	9.79146
19.721	1	1	1	7.2595
19.761	1	1	1	7.06712
19.801	1	1	1	8.82406
19.841	1	1	1	8.4455
19.881	1	1	1	1.88421
19.921	1	1	1	0.781018
19.961	1	1	1	9.78595
20.001	1	1	1	94.6396
20.041	1	1	1	2.74242
20.081	1	1	1	52.8378
20.121	1	1	1	42.6533
20.161	1	1	1	10.112
20.201	1	1	1	18.1374
20.241	1	1	1	7.99971
20.281	1	1	1	68.9262
20.321	1	1	1	70.6709
20.361	1	1	1	5.06528
20.401	1	1	1	24.2098
20.441	1	1	1	55.2031
20.481	1	1	1	34.9671
20.521	1	1	1	64.2938
20.561	1	1	1	54.753
20.601	1	1	1	30.2264
20.641	1	1	1	85.0363
20.681	1	1	1	48.5788
20.721	1	1	1	46.8523
20.761	1	1	1	111.828
20.801	1	1	1	22.5735
20.841	1	1	1	47.2148
20.881	1	1	1	100.491
20.921	1	1	1	35.2201
20.961	1	1	1	41.4731
21.001	1	1	1	29.0622
21.041	1	1	1	43.6137
21.081	1	1	1	148.009
21.121	1	1	1	73.0232
21.161	1	1	1	28.2624
21.201	1	1	1	57.0102
21.241	1	1	1	65.424
21.281	1	1	1	116.774
21.321	1	1	1	63.4329
21.361	1	1	1	11.3366
21.401	1	1	1	38.2765
21.441	1	1	1	60.1364
21.481	1	1	1	18.2089
21.521	1	1	1	19.4568
21.561	1	1	1	3.66935
21.601	1	1	1	1.32658
21.641	1	1	1	3.45196
21.681	1	1	1	16.7263
21.721	1	1	1	33.0339
21.761	1	1	1	31.1411
21.801	1	1	1	6.04864
21.841	1	1	1	4.69557
21.881	1	1	1	17.8083
21.921	1	1	1	12.2339
21.961	1	1	1	18.3911
22.001	1	1	1	30.5508
22.041	1	1	1	45.9157
22.081	1	1	1	54.3853
22.121	1	1	1	48.5434
22.161	1	1	1	55.1914
22.201	1	1	1	65.7222
22.241	1	1	1	53.05
22.281	1	1	1	28.2727
22.321	1	1	1	52.3751
22.361	1	1	1	64.5857
22.401	1	1	1	28.1233
22.441	1	1	1	14.8253
22.481	1	1	1	21.1341
22.521	1	1	1	19.9023
22.561	1	1	1	18.8436
22.601	1	1	1	21.4724
22.641	1	1	1	10.9813
22.681	1	1	1	8.4912
22.721	1	1	1	35.9514
22.761	1	1	1	33.8155
22.801	1	1	1	13.8534
22.841	1	1	1	45.9134
22.881	1	1	1	69.4232
22.921	1	1	1	31.3244
22.961	1	1	1	25.1323
23.001	1	1	1	61.3556
23.041	1	1	1	67.8619
23.081	1	1	1	41.6907
23.121	1	1	1	4.27896
23.161	1	1	1	31.5145
23.201	1	1	1	44.0751
23.241	1	1	1	9.19795
23.281	1	1	1	10.8189
23.321	1	1	1	4.50506
23.361	1	1	1	7.18596
23.401	1	1	1	8.74144
23.441	1	1	1	17.5009
23.481	1	1	1	71.1029
23.521	1	1	1	118.478
23.561	1	1	1	65.6579
23.601	1	1	1	7.76109
23.641	1	1	1	69.489
23.681	1	1	1	44.2931
23.721	1	1	1	3.03911
23.761	1	1	1	56.652
23.801	1	1	1	38.0462
23.841	1	1	1	2.475
23.881	1	1	1	21.8194
23.921	1	1	1	27.1294
23.961	1	1	1	52.7144
24.001	1	1	1	1.95124
24.041	1	1	1	22.6453
24.081	1	1	1	44.8951
24.121	1	1	1	19.8179
24.161	1	1	1	9.55384
24.201	1	1	1	16.1143
24.241	1	1	1	24.0608
24.281	1	1	1	40.4964
24.321	1	1	1	36.1621
24.361	1	1	1	23.3035
24.401	1	1	1	20.548
24.441	1	1	1	17.2285
24.481	1	1	1	12.5066
24.521	1	1	1	51.3168
24.561	1	1	1	26.1712
24.601	1	1	1	10.8371
24.641	1	1	1	39.5725
24.681	1	1	1	38.7777
24.721	1	1	1	3.55929
24.761	1	1	1	28.5609
24.801	1	1	1	53.7528
24.841	1	1	1	20.2709
24.881	1	1	1	21.4935
24.921	1	1	1	31.8181
24.961	1	1	1	19.3618
25.001	1	1	1	42.8631
25.041	1	1	1	34.4268
25.081	1	1	1	28.4459
25.121	1	1	1	26.2863
25.161	1	1	1	3.56336
25.201	1	1	1	12.5108
25.241	1	1	1	22.471
25.281	1	1	1	12.0108
25.321	1	1	1	9.04867
25.361	1	1	1	3.59559
25.401	1	1	1	1.98356
25.441	1	1	1	16.5875
25.481	1	1	1	27.594
25.521	1	1	1	45.6903
25.561	1	1	1	83.2768
25.601	1	1	1	37.5627
25.641	1	1	1	36.1285
25.681	1	1	1	13.7631
25.721	1	1	1	23.987
25.761	1	1	1	40.9843
25.801	1	1	1	17.0042
25.841	1	1	1	55.2621
25.881	1	1	1	38.2681
25.921	1	1	1	12.1768
25.961	1	1	1	34.4472
26.001	1	1	1	72.0921
26.041	1	1	1	2.546
26.081	1	1	1	62.1418
26.121	1	1	1	29.5504
26.161	1	1	1	58.4119
26.201	1	1	1	287.096
26.241	1	1	1	156.377
26.281	1	1	1	6.68501
26.321	1	1	1	70.5786
26.361	1	1	1	22.1803
26.401	1	1	1	26.1575
26.441	1	1	1	110.094
26.481	1	1	1	108.175
26.521	1	1	1	17.528
26.561	1	1	1	22.9881
26.601	1	1	1	43.7932
26.641	1	1	1	52.0808
26.681	1	1	1	24.6824
26.721	1	1	1	33.3175
26.761	1	1	1	38.0773
26.801	1	1	1	18.7012
26.841	1	1	1	22.5039
26.881	1	1	1	14.8393
26.921	1	1	1	8.86308
26.961	1	1	1	38.4318
27.001	1	1	1	74.7375
27.041	1	1	1	60.4925
27.081	1	1	1	33.1334
27.121	1	1	1	109.105
27.161	1	1	1	37.9896
27.201	1	1	1	29.4537
27.241	1	1	1	100.614
27.281	1	1	1	43.8645
27.321	1	1	1	34.3801
27.361	1	1	1	57.9919
27.401	1	1	1	44.1488
27.441	1	1	1	34.3314
27.481	1	1	1	35.2425
27.521	1	1	1	38.2612
27.561	1	1	1	22.0867
27.601	1	1	1	7.34218
27.641	1	1	1	9.76763
27.681	1	1	1	29.3024
27.721	1	1	1	25.0287
27.761	1	1	1	3.77324
27.801	1	1	1	1.39439
27.841	1	1	1	4.62427
27.881	1	1	1	31.3259
27.921	1	1	1	26.3587
27.961	1	1	1	2.37497
28.001	1	1	1	4.21867
28.041	1	1	1	13.9008
28.081	1	1	1	8.30907
28.121	1	1	1	1.46002
28.161	1	1	1	1.47456
28.201	1	1	1	34.9855
28.241	1	1	1	80.5696
28.281	1	1	1	83.2928
28.321	1	1	1	98.4862
28.361	1	1	1	45.3129
28.401	1	1	1	16.8872
28.441	1	1	1	44.4305
28.481	1	1	1	6.68738
28.521	1	1	1	4.49301
28.561	1	1	1	5.47737
28.601	1	1	1	5.82501
28.641	1	1	1	3.58729
28.681	1	1	1	2.65416
28.721	1	1	1	11.1969
28.761	1	1	1	20.7059
28.801	1	1	1	22.5917
28.841	1	1	1	9.67772
28.881	1	1	1	8.06849
28.921	1	1	1	37.9103
28.961	1	1	1	18.7533
29.001	1	1	1	15.2043
29.041	1	1	1	10.386
29.081	1	1	1	10.9052
29.121	1	1	1	28.1986
29.161	1	1	1	27.114
29.201	1	1	1	7.91981
29.241	1	1	1	23.4995
29.281	1	1	1	73.9833
29.321	1	1	1	98.5939
29.361	1	1	1	44.3031
29.401	1	1	1	7.48
29.441	1	1	1	20.0793
29.481	1	1	1	52.2843
29.521	1	1	1	60.3814
29.561	1	1	1	17.1761
29.601	1	1	1	27.1
29.641	1	1	1	42.2399
29.681	1	1	1	14.0642
29.721	1	1	1	18.1814
29.761	1	1	1	7.42663
29.801	1	1	1	50.4519
29.841	1	1	1	71.6241
29.881	1	1	1	24.7794
29.921	1	1	1	15.6774
29.961	1	1	1	48.9134
30.001	1	1	1	88.5492
30.041	1	1	1	45.9957
30.081	1	1	1	14.9987
30.121	1	1	1	85.7318
30.161	1	1	1	101.867
30.201	1	1	1	85.9639
30.241	1	1	1	69.6078
30.281	1	1	1	7.43987
30.321	1	1	1	59.3347
30.361	1	1	1	128.077
30.401	1	1	1	74.776
30.441	1	1	1	48.2682
30.481	1	1	1	38.6905
30.521	1	1	1	15.0512
30.561	1	1	1	80.5702
30.601	1	1	1	18.2043
30.641	1	1	1	47.7091
30.681	1	1	1	110.462
30.721	1	1	1	20.0281
30.761	1	1	1	11.9254
30.801	1	1	1	18.7371
30.841	1	1	1	18.9041
30.881	1	1	1	96.8839
30.921	1	1	1	92.1837
30.961	1	1	1	26.8642
31.001	1	1	1	6.18733
31.041	1	1	1	11.1819
31.081	1	1	1	30.9448
31.121	1	1	1	22.2365
31.161	1	1	1	11.4623
31.201	1	1	1	39.2522
31.241	1	1	1	22.159
31.281	1	1	1	7.08255
31.321	1	1	1	26.3001
31.361	1	1	1	10.1069
31.401	1	1	1	10.0129
31.441	1	1	1	16.5812
31.481	1	1	1	16.2103
31.521	1	1	1	50.4423
31.561	1	1	1	30.4573
31.601	1	1	1	29.8099
31.641	1	1	1	4.78169
31.681	1	1	1	50.1722
31.721	1	1	1	43.5625
31.761	1	1	1	17.2158
31.801	1	1	1	42.0941
31.841	1	1	1	13.7256
31.881	1	1	1	16.2066
31.921	1	1	1	14.2598
31.961	1	1	1	15.1989
32.001	1	1	1	29.5086
32.041	1	1	1	9.02182
32.081	1	1	1	46.3748
32.121	1	1	1	47.6082
32.161	1	1	1	4.36053
32.201	1	1	1	67.0083
32.241	1	1	1	47.012
32.281	1	1	1	8.14462
32.321	1	1	1	22.4485
32.361	1	1	1	20.8474
32.401	1	1	1	47.3293
32.441	1	1	1	21.9798
32.481	1	1	1	6.24469
32.521	1	1	1	9.51782
32.561	1	1	1	12.0126
32.601	1	1	1	6.32608
32.641	1	1	1	18.1409
32.681	1	1	1	20.7784
32.721	1	1	1	20.1755
32.761	1	1	1	41.2738
32.801	1	1	1	19.4186
32.841	1	1	1	20.4455
32.881	1	1	1	55.7236
32.921	1	1	1	15.5193
32.961	1	1	1	27.6887
33.001	1	1	1	9.85418
33.041	1	1	1	12.8201
33.081	1	1	1	45.5294
33.121	1	1	1	52.9938
33.161	1	1	1	16.4977
33.201	1	1	1	22.5892
33.241	1	1	1	8.86002
33.281	1	1	1	13.8341
33.321	1	1	1	29.9382
33.361	1	1	1	2.21356
33.401	1	1	1	59.4804
33.441	1	1	1	73.506
33.481	1	1	1	32.5685
33.521	1	1	1	10.5234
33.561	1	1	1	18.2907
33.601	1	1	1	46.6387
33.641	1	1	1	47.1219
33.681	1	1	1	47.6524
33.721	1	1	1	150.357
33.761	1	1	1	117.165
33.801	1	1	1	13.1773
33.841	1	1	1	10.7044
33.881	1	1	1	3.57995
33.921	1	1	1	19.8479
33.961	1	1	1	24.8412
34.001	1	1	1	10.1943
34.041	1	1	1	5.42157
34.081	1	1	1	14.8195
34.121	1	1	1	24.5623
34.161	1	1	1	4.46959
34.201	1	1	1	43.3363
34.241	1	1	1	17.7364
34.281	1	1	1	43.2468
34.321	1	1	1	103.987
34.361	1	1	1	14.1299
34.401	1	1	1	68.4794
34.441	1	1	1	89.3714
34.481	1	1	1	23.3508
34.521	1	1	1	37.8207
34.561	1	1	1	4.11903
34.601	1	1	1	28.0874
34.641	1	1	1	11.2184
34.681	1	1	1	36.9168
34.721	1	1	1	55.204
34.761	1	1	1	3.24962
34.801	1	1	1	57.4436
34.841	1	1	1	56.4347
34.881	1	1	1	8.05667
34.921	1	1	1	21.5636
34.961	1	1	1	19.0692
35.001	1	1	1	22.6511
35.041	1	1	1	10.5622
35.081	1	1	1	1.1413
35.121	1	1	1	14.7468
35.161	1	1	1	10.8501
35.201	1	1	1	12.6504
35.241	1	1	1	31.7202
35.281	1	1	1	12.9662
35.321	1	1	1	18.9195
35.361	1	1	1	20.5158
35.401	1	1	1	0.945821
35.441	1	1	1	13.4891
35.481	1	1	1	5.58283
35.521	1	1	1	7.5641
35.561	1	1	1	6.08623
35.601	1	1	1	13.8501
35.641	1	1	1	15.9791
35.681	1	1	1	12.5864
35.721	1	1	1	9.873
35.761	1	1	1	17.9341
35.801	1	1	1	57.8511
35.841	1	1	1	33.5022
35.881	1	1	1	6.26107
35.921	1	1	1	18.6783
35.961	1	1	1	13.5412
36.001	1	1	1	8.69666
36.041	1	1	1	43.6475
36.081	1	1	1	95.2643
36.121	1	1	1	58.4603
36.161	1	1	1	22.1556
36.201	1	1	1	36.8976
36.241	1	1	1	15.3134
36.281	1	1	1	57.5665
36.321	1	1	1	57.6497
36.361	1	1	1	18.4909
36.401	1	1	1	64.0333
36.441	1	1	1	36.9629
36.481	1	1	1	7.92678
36.521	1	1	1	50.596
36.561	1	1	1	72.3145
36.601	1	1	1	38.6867
36.641	1	1	1	12.9985
36.681	1	1	1	6.65918
36.721	1	1	1	6.12973
36.761	1	1	1	19.8222
36.801	1	1	1	17.0176
36.841	1	1	1	1.97112
36.881	1	1	1	11.8724
36.921	1	1	1	30.8175
36.961	1	1	1	22.3317
37.001	1	1	1	39.9894
37.041	1	1	1	66.656
37.081	1	1	1	13.3335
37.121	1	1	1	10.8039
37.161	1	1	1	1.59175
37.201	1	1	1	54.5471
37.241	1	1	1	108.25
37.281	1	1	1	17.4493
37.321	1	1	1	43.6321
37.361	1	1	1	110.815
37.401	1	1	1	32.0154
37.441	1	1	1	43.9392
37.481	1	1	1	99.1549
37.521	1	1	1	9.85677
37.561	1	1	1	5.98666
37.601	1	1	1	31.9263
37.641	1	1	1	74.4118
37.681	1	1	1	35.3905
37.721	1	1	1	3.27655
37.761	1	1	1	47.2838
37.801	1	1	1	80.4839
37.841	1	1	1	90.9866
37.881	1	1	1	74.8288
37.921	1	1	1	22.482
37.961	1	1	1	68.1302
38.001	1	1	1	51.3661
38.041	1	1	1	54.4315
38.081	1	1	1	27.972
38.121	1	1	1	25.1782
38.161	1	1	1	18.1044
38.201	1	1	1	64.1427
38.241	1	1	1	86.9243
38.281	1	1	1	48.632
38.321	1	1	1	29.9253
38.361	1	1	1	5.69784
38.401	1	1	1	22.6851
38.441	1	1	1	50.5738
38.481	1	1	1	19.6516
38.521	1	1	1	31.2012
38.561	1	1	1	18.4281
38.601	1	1	1	4.87947
38.641	1	1	1	3.95322
38.681	1	1	1	11.9905
38.721	1	1	1	24.485
38.761	1	1	1	19.163
38.801	1	1	1	3.74244
38.841	1	1	1	23.3043
38.881	1	1	1	54.1107
38.921	1	1	1	39.8862
38.961	1	1	1	6.52002
39.001	1	1	1	14.2094
39.041	1	1	1	12.8637
39.081	1	1	1	12.0248
39.121	1	1	1	8.27704
39.161	1	1	1	6.20128
39.201	1	1	1	2.26653
39.241	1	1	1	34.3088
39.281	1	1	1	84.2834
39.321	1	1	1	49.5638
39.361	1	1	1	12.4
39.401	1	1	1	77.5053
39.441	1	1	1	99.844
39.481	1	1	1	82.7807
39.521	1	1	1	45.3513
39.561	1	1	1	49.7053
39.601	1	1	1	11.6762
39.641	1	1	1	12.2259
39.681	1	1	1	21.3777
39.721	1	1	1	51.798
39.761	1	1	1	38.8383
39.801	1	1	1	65.033
39.841	1	1	1	158.263
39.881	1	1	1	85.9935
39.921	1	1	1	6.49354
39.961	1	1	1	10.6535
40.001	1	1	1	20.961
40.041	1	1	1	22.6695
40.081	1	1	1	45.6178
40.121	1	1	1	20.049
40.161	1	1	1	31.6023
40.201	1	1	1	84.594
40.241	1	1	1	42.0879
40.281	1	1	1	11.1286
40.321	1	1	1	11.9404
40.361	1	1	1	6.29986
40.401	1	1	1	6.4854
40.441	1	1	1	11.2397
40.481	1	1	1	21.1343
40.521	1	1	1	29.4335
40.561	1	1	1	35.9754
40.601	1	1	1	3.96962
40.641	1	1	1	64.2013
40.681	1	1	1	34.1859
40.721	1	1	1	16.4023
40.761	1	1	1	67.6447
40.801	1	1	1	1.12668
40.841	1	1	1	170.273
40.881	1	1	1	259.099
40.921	1	1	1	43.8609
40.961	1	1	1	34.3798
41.001	1	1	1	11.3152
41.041	1	1	1	60.4774
41.081	1	1	1	62.3362
41.121	1	1	1	56.2944
41.161	1	1	1	58.0682
41.201	1	1	1	9.72065
41.241	1	1	1	21.7319
41.281	1	1	1	81.9149
41.321	1	1	1	62.5592
41.361	1	1	1	11.5762
41.401	1	1	1	1.579
41.441	1	1	1	2.73871
41.481	1	1	1	18.3725
41.521	1	1	1	11.7676
41.561	1	1	1	12.1172
41.601	1	1	1	3.24669
41.641	1	1	1	5.39825
41.681	1	1	1	3.39368
41.721	1	1	1	34.7891
41.761	1	1	1	48.0751
41.801	1	1	1	15.1062
41.841	1	1	1	12.6399
41.881	1	1	1	14.3693
41.921	1	1	1	17.9472
41.961	1	1	1	23.0421
42.001	1	1	1	12.1952
42.041	1	1	1	4.06193
42.081	1	1	1	22.8318
42.121	1	1	1	87.0114
42.161	1	1	1	34.2732
42.201	1	1	1	16.2944
42.241	1	1	1	87.7296
42.281	1	1	1	65.9663
42.321	1	1	1	32.9879
42.361	1	1	1	16.6907
42.401	1	1	1	17.8338
42.441	1	1	1	31.6979
42.481	1	1	1	10.4763
42.521	1	1	1	1.67586
42.561	1	1	1	8.33794
42.601	1	1	1	16.1826
42.641	1	1	1	20.1093
42.681	1	1	1	26.0673
42.721	1	1	1	45.0859
42.761	1	1	1	14.5453
42.801	1	1	1	42.9551
42.841	1	1	1	82.8129
42.881	1	1	1	31.7755
42.921	1	1	1	11.1203
42.961	1	1	1	10.8257
43.001	1	1	1	48.2287
43.041	1	1	1	30.8677
43.081	1	1	1	5.83656
43.121	1	1	1	12.0858
43.161	1	1	1	5.91188
43.201	1	1	1	65.9144
43.241	1	1	1	92.8954
43.281	1	1	1	29.0389
43.321	1	1	1	4.42224
43.361	1	1	1	20.6373
43.401	1	1	1	18.9337
43.441	1	1	1	15.3493
43.481	1	1	1	13.7638
43.521	1	1	1	16.5494
43.561	1	1	1	59.1519
43.601	1	1	1	45.4956
43.641	1	1	1	22.3313
43.681	1	1	1	29.0669
43.721	1	1	1	14.326
43.761	1	1	1	34.566
43.801	1	1	1	42.358
43.841	1	1	1	19.8587
43.881	1	1	1	14.3466
43.921	1	1	1	3.12219
43.961	1	1	1	5.73635
44.001	1	1	1	43.445
44.041	1	1	1	48.2467
44.081	1	1	1	8.5011
44.121	1	1	1	35.1587
44.161	1	1	1	76.7368
44.201	1	1	1	17.8066
44.241	1	1	1	11.7743
44.281	1	1	1	15.3489
44.321	1	1	1	17.5093
44.361	1	1	1	115.137
44.401	1	1	1	51.0504
44.441	1	1	1	18.2005
44.481	1	1	1	88.2033
44.521	1	1	1	3.5889
44.561	1	1	1	5.45429
44.601	1	1	1	2.3819
44.641	1	1	1	28.1988
44.681	1	1	1	49.9955
44.721	1	1	1	18.9821
44.761	1	1	1	11.1925
44.801	1	1	1	14.7692
44.841	1	1	1	16.1344
44.881	1	1	1	23.4886
44.921	1	1	1	16.4484
44.961	1	1	1	34.2002
45.001	1	1	1	47.4475
45.041	1	1	1	5.18453
45.081	1	1	1	2.30148
45.121	1	1	1	3.45336
45.161	1	1	1	27.1712
45.201	1	1	1	51.1352
45.241	1	1	1	26.9602
45.281	1	1	1	17.5285
45.321	1	1	1	20.6622
45.361	1	1	1	29.9285
45.401	1	1	1	30.4334
45.441	1	1	1	10.6579
45.481	1	1	1	41.788
45.521	1	1	1	20.4464
45.561	1	1	1	68.6114
45.601	1	1	1	47.9294
45.641	1	1	1	0.617024
45.681	1	1	1	38.7009
45.721	1	1	1	35.7463
45.761	1	1	1	26.5791
45.801	1	1	1	50.1756
45.841	1	1	1	13.9049
45.881	1	1	1	43.7447
45.921	1	1	1	57.175
45.961	1	1	1	5.02105
46.001	1	1	1	7.57788
46.041	1	1	1	9.27619
46.081	1	1	1	55.0307
46.121	1	1	1	79.4325
46.161	1	1	1	44.5899
46.201	1	1	1	12.7565
46.241	1	1	1	10.8547
46.281	1	1	1	8.72711
46.321	1	1	1	6.39632
46.361	1	1	1	58.8488
46.401	1	1	1	81.1119
46.441	1	1	1	25.6679
46.481	1	1	1	23.1454
46.521	1	1	1	24.2823
46.561	1	1	1	38.3355
46.601	1	1	1	21.4669
46.641	1	1	1	18.5829
46.681	1	1	1	18.3658
46.721	1	1	1	6.50246
46.761	1	1	1	24.3721
46.801	1	1	1	53.9786
46.841	1	1	1	46.0627
46.881	1	1	1	12.4798
46.921	1	1	1	5.63094
46.961	1	1	1	10.2755
47.001	1	1	1	10.6015
47.041	1	1	1	11.9743
47.081	1	1	1	49.0984
47.121	1	1	1	26.9763
47.161	1	1	1	6.22018
47.201	1	1	1	11.1679
47.241	1	1	1	7.60797
47.281	1	1	1	70.2862
47.321	1	1	1	88.5418
47.361	1	1	1	24.1624
47.401	1	1	1	5.20025
47.441	1	1	1	20.921
47.481	1	1	1	18.136
47.521	1	1	1	11.8106
47.561	1	1	1	18.3125
47.601	1	1	1	20.2732
47.641	1	1	1	13.4379
47.681	1	1	1	1.11937
47.721	1	1	1	27.7296
47.761	1	1	1	77.1242
47.801	1	1	1	33.5978
47.841	1	1	1	5.89041
47.881	1	1	1	21.2751
47.921	1	1	1	5.78063
47.961	1	1	1	19.7486
48.001	1	1	1	94.6991
48.041	1	1	1	25.5006
48.081	1	1	1	6.24691
48.121	1	1	1	7.31683
48.161	1	1	1	18.6679
48.201	1	1	1	12.7733
48.241	1	1	1	26.3847
48.281	1	1	1	90.9447
48.321	1	1	1	77.6752
48.361	1	1	1	13.227
48.401	1	1	1	9.52383
48.441	1	1	1	14.9505
48.481	1	1	1	6.65457
48.521	1	1	1	23.984
48.561	1	1	1	12.926
48.601	1	1	1	15.8986
48.641	1	1	1	31.0441
48.681	1	1	1	2.06042
48.721	1	1	1	29.5603
48.761	1	1	1	41.092
48.801	1	1	1	9.89828
48.841	1	1	1	15.5654
48.881	1	1	1	31.4542
48.921	1	1	1	72.7829
48.961	1	1	1	73.1129
49.001	1	1	1	8.55769
49.041	1	1	1	30.547
49.081	1	1	1	48.5246
49.121	1	1	1	41.778
49.161	1	1	1	28.8578
49.201	1	1	1	23.4205
49.241	1	1	1	36.4994
49.281	1	1	1	44.4697
49.321	1	1	1	35.0187
49.361	1	1	1	40.6372
49.401	1	1	1	23.157
49.441	1	1	1	30.7134
49.481	1	1	1	49.8931
49.521	1	1	1	11.0435
49.561	1	1	1	4.14955
49.601	1	1	1	10.4825
49.641	1	1	1	27.9151
49.681	1	1	1	35.7609
49.721	1	1	1	39.5493
49.761	1	1	1	48.7577
49.801	1	1	1	34.7547
49.841	1	1	1	13.1121
49.881	1	1	1	54.5362
49.921	1	1	1	80.7321
49.961	1	1	1	30.8902
50.001	1	1	1	20.1466
50.041	1	1	1	16.1784
50.081	1	1	1	20.6365
50.121	1	1	1	63.2346
50.161	1	1	1	71.6056
50.201	1	1	1	44.9425
50.241	1	1	1	18.4253
50.281	1	1	1	20.3072
50.321	1	1	1	12.7031
50.361	1	1	1	2.14911
50.401	1	1	1	22.5229
50.441	1	1	1	18.123
50.481	1	1	1	5.86905
50.521	1	1	1	21.1918
50.561	1	1	1	25.9763
50.601	1	1	1	55.7916
50.641	1	1	1	81.9764
50.681	1	1	1	81.5388
50.721	1	1	1	20.4108
50.761	1	1	1	4.34384
50.801	1	1	1	19.975
50.841	1	1	1	8.53042
50.881	1	1	1	22.0845
50.921	1	1	1	48.4953
50.961	1	1	1	23.3413
51.001	1	1	1	23.5772
51.041	1	1	1	75.6506
51.081	1	1	1	51.3441
51.121	1	1	1	39.2777
51.161	1	1	1	61.3585
51.201	1	1	1	34.476
51.241	1	1	1	20.9881
51.281	1	1	1	13.3474
51.321	1	1	1	6.71746
51.361	1	1	1	2.61278
51.401	1	1	1	12.6512
51.441	1	1	1	21.7371
51.481	1	1	1	14.8519
51.521	1	1	1	15.308
51.561	1	1	1	38.1468
51.601	1	1	1	80.6554
51.641	1	1	1	33.2793
51.681	1	1	1	10.6429
51.721	1	1	1	10.7609
51.761	1	1	1	5.82677
51.801	1	1	1	6.35101
51.841	1	1	1	11.9341
51.881	1	1	1	21.1324
51.921	1	1	1	30.1843
51.961	1	1	1	30.5089
52.001	1	1	1	13.5951
52.041	1	1	1	7.37156
52.081	1	1	1	46.449
52.121	1	1	1	67.4115
52.161	1	1	1	27.6519
52.201	1	1	1	11.7262
52.241	1	1	1	37.0839
52.281	1	1	1	27.4016
52.321	1	1	1	18.075
52.361	1	1	1	29.761
52.401	1	1	1	14.3458
52.441	1	1	1	1.84801
52.481	1	1	1	2.59039
52.521	1	1	1	46.1668
52.561	1	1	1	3.63483
52.601	1	1	1	16.4195
52.641	1	1	1	20.0234
52.681	1	1	1	15.3176
52.721	1	1	1	12.7133
52.761	1	1	1	31.7473
52.801	1	1	1	80.6897
52.841	1	1	1	46.8528
52.881	1	1	1	13.4165
52.921	1	1	1	52.7546
52.961	1	1	1	37.7395
53.001	1	1	1	5.52932
53.041	1	1	1	11.6416
53.081	1	1	1	6.23611
53.121	1	1	1	6.4497
53.161	1	1	1	38.8614
53.201	1	1	1	56.4803
53.241	1	1	1	30.1203
53.281	1	1	1	24.8496
53.321	1	1	1	16.1395
53.361	1	1	1	45.6744
53.401	1	1	1	85.0023
53.441	1	1	1	54.1075
53.481	1	1	1	32.2184
53.521	1	1	1	18.3804
53.561	1	1	1	8.40069
53.601	1	1	1	6.91612
53.641	1	1	1	48.2528
53.681	1	1	1	77.8644
53.721	1	1	1	47.6123
53.761	1	1	1	14.027
53.801	1	1	1	10.0517
53.841	1	1	1	9.50998
53.881	1	1	1	4.42304
53.921	1	1	1	50.7972
53.961	1	1	1	81.3877
54.001	1	1	1	30.2318
54.041	1	1	1	41.0406
54.081	1	1	1	31.6476
54.121	1	1	1	57.2263
54.161	1	1	1	51.672
54.201	1	1	1	16.8794
54.241	1	1	1	11.7434
54.281	1	1	1	29.566
54.321	1	1	1	22.6773
54.361	1	1	1	3.78468
54.401	1	1	1	12.3287
54.441	1	1	1	8.39418
54.481	1	1	1	21.409
54.521	1	1	1	8.40957
54.561	1	1	1	7.4531
54.601	1	1	1	11.3813
54.641	1	1	1	6.78469
54.681	1	1	1	11.626
54.721	1	1	1	21.158
54.761	1	1	1	15.2313
54.801	1	1	1	33.4622
54.841	1	1	1	28.0952
54.881	1	1	1	10.0919
54.921	1	1	1	46.279
54.961	1	1	1	29.6788
55.001	1	1	1	21.0641
55.041	1	1	1	18.353
55.081	1	1	1	9.06726
55.121	1	1	1	13.6688
55.161	1	1	1	6.27038
55.201	1	1	1	4.21848
55.241	1	1	1	2.9877
55.281	1	1	1	13.0789
55.321	1	1	1	46.9109
55.361	1	1	1	30.9521
55.401	1	1	1	8.98461
55.441	1	1	1	14.6459
55.481	1	1	1	13.077
55.521	1	1	1	0.691482
55.561	1	1	1	6.85534
55.601	1	1	1	50.9273
55.641	1	1	1	74.4966
55.681	1	1	1	80.1178
55.721	1	1	1	79.9902
55.761	1	1	1	18.2381
55.801	1	1	1	29.5968
55.841	1	1	1	27.2425
55.881	1	1	1	18.3962
55.921	1	1	1	119.953
55.961	1	1	1	88.2341
56.001	1	1	1	9.90876
56.041	1	1	1	1.19227
56.081	1	1	1	10.088
56.121	1	1	1	5.30241
56.161	1	1	1	6.61438
56.201	1	1	1	15.693
56.241	1	1	1	6.4549
56.281	1	1	1	18.5806
56.321	1	1	1	49.7299
56.361	1	1	1	62.6485
56.401	1	1	1	38.2875
56.441	1	1	1	13.9344
56.481	1	1	1	52.8663
56.521	1	1	1	17.8001
56.561	1	1	1	0.901866
56.601	1	1	1	12.783
56.641	1	1	1	4.46733
56.681	1	1	1	9.06301
56.721	1	1	1	34.7085
56.761	1	1	1	39.2399
56.801	1	1	1	30.2524
56.841	1	1	1	55.5907
56.881	1	1	1	64.6835
56.921	1	1	1	30.9413
56.961	1	1	1	44.864
57.001	1	1	1	42.815
57.041	1	1	1	6.49538
57.081	1	1	1	44.107
57.121	1	1	1	33.1489
57.161	1	1	1	10.3109
57.201	1	1	1	49.5563
57.241	1	1	1	23.4448
57.281	1	1	1	21.0035
57.321	1	1	1	36.2729
57.361	1	1	1	19.8988
57.401	1	1	1	5.93351
57.441	1	1	1	34.0079
57.481	1	1	1	49.429
57.521	1	1	1	19.9653
57.561	1	1	1	8.24589
57.601	1	1	1	13.965
57.641	1	1	1	24.0014
57.681	1	1	1	6.22752
57.721	1	1	1	11.1203
57.761	1	1	1	18.2717
57.801	1	1	1	6.79128
57.841	1	1	1	8.50176
57.881	1	1	1	32.5773
57.921	1	1	1	25.7388
57.961	1	1	1	10.8198
58.001	1	1	1	24.6861
58.041	1	1	1	26.3807
58.081	1	1	1	35.3147
58.121	1	1	1	65.6119
58.161	1	1	1	51.9138
58.201	1	1	1	21.4346
58.241	1	1	1	10.8191
58.281	1	1	1	8.12113
58.321	1	1	1	15.9137
58.361	1	1	1	29.0286
58.401	1	1	1	14.5727
58.441	1	1	1	8.60494
58.481	1	1	1	40.2005
58.521	1	1	1	16.0834
58.561	1	1	1	11.6712
58.601	1	1	1	35.4359
58.641	1	1	1	27.8466
58.681	1	1	1	7.00532
58.721	1	1	1	18.6876
58.761	1	1	1	40.6035
58.801	1	1	1	50.1228
58.841	1	1	1	12.2976
58.881	1	1	1	23.6157
58.921	1	1	1	77.8838
58.961	1	1	1	46.1325
59.001	1	1	1	4.07912
59.041	1	1	1	2.47548
59.081	1	1	1	7.75245
59.121	1	1	1	6.66423
59.161	1	1	1	5.66858
59.201	1	1	1	26.4851
59.241	1	1	1	65.506
59.281	1	1	1	62.6381
59.321	1	1	1	20.3203
59.361	1	1	1	4.55191
59.401	1	1	1	3.41039
59.441	1	1	1	10.7412
59.481	1	1	1	25.927
59.521	1	1	1	12.6961
59.561	1	1	1	33.0212
59.601	1	1	1	33.3391
59.641	1	1	1	8.99766
59.681	1	1	1	1.15307
59.721	1	1	1	6.63465
59.761	1	1	1	7.5874
59.801	1	1	1	4.79516
59.841	1	1	1	16.8272
59.881	1	1	1	55.0776
59.921	1	1	1	70.1906
59.961	1	1	1	32.2791
60.001	1	1	1	105.444
60.041	1	1	1	78.7107
60.081	1	1	1	26.2325
60.121	1	1	1	6.36826
60.161	1	1	1	4.39621
60.201	1	1	1	3.81527
60.241	1	1	1	9.67172
60.281	1	1	1	23.1321
60.321	1	1	1	25.5215
60.361	1	1	1	7.10726
60.401	1	1	1	4.1038
60.441	1	1	1	14.8389
60.481	1	1	1	8.12697
60.521	1	1	1	12.3531
60.561	1	1	1	21.6063
60.601	1	1	1	13.2047
60.641	1	1	1	3.81023
60.681	1	1	1	8.49708
60.721	1	1	1	10.8109
60.761	1	1	1	8.9738
60.801	1	1	1	19.629
60.841	1	1	1	29.3315
60.881	1	1	1	12.3812
60.921	1	1	1	8.34685
60.961	1	1	1	21.7778
61.001	1	1	1	46.2173
61.041	1	1	1	41.2875
61.081	1	1	1	8.84418
61.121	1	1	1	12.1219
61.161	1	1	1	22.2274
61.201	1	1	1	49.5873
61.241	1	1	1	32.6335
61.281	1	1	1	71.676
61.321	1	1	1	146.945
61.361	1	1	1	64.5122
61.401	1	1	1	4.98873
61.441	1	1	1	9.12766
61.481	1	1	1	4.60315
61.521	1	1	1	73.7458
61.561	1	1	1	25.1735
61.601	1	1	1	1.28219
61.641	1	1	1	2.60782
61.681	1	1	1	7.53792
61.721	1	1	1	38.3763
61.761	1	1	1	42.7033
61.801	1	1	1	17.8586
61.841	1	1	1	18.3049
61.881	1	1	1	20.4966
61.921	1	1	1	32.7266
61.961	1	1	1	19.0429
62.001	1	1	1	9.49855
62.041	1	1	1	61.988
62.081	1	1	1	69.8783
62.121	1	1	1	11.4957
62.161	1	1	1	24.1417
62.201	1	1	1	42.0189
62.241	1	1	1	20.0625
62.281	1	1	1	11.3899
62.321	1	1	1	28.0638
62.361	1	1	1	34.3829
62.401	1	1	1	11.235
62.441	1	1	1	32.135
62.481	1	1	1	41.4102
62.521	1	1	1	32.3048
62.561	1	1	1	39.0223
62.601	1	1	1	41.2405
62.641	1	1	1	22.6038
62.681	1	1	1	39.7446
62.721	1	1	1	64.3587
62.761	1	1	1	25.1568
62.801	1	1	1	5.60238
62.841	1	1	1	6.00292
62.881	1	1	1	25.4024
62.921	1	1	1	39.4028
62.961	1	1	1	7.49151
63.001	1	1	1	3.25421
63.041	1	1	1	21.8731
63.081	1	1	1	17.6566
63.121	1	1	1	4.41759
63.161	1	1	1	11.1166
63.201	1	1	1	15.0712
63.241	1	1	1	16.5876
63.281	1	1	1	6.51073
63.321	1	1	1	22.6713
63.361	1	1	1	40.0841
63.401	1	1	1	7.7009
63.441	1	1	1	15.3726
63.481	1	1	1	45.005
63.521	1	1	1	58.3462
63.561	1	1	1	30.3085
63.601	1	1	1	8.36953
63.641	1	1	1	27.9729
63.681	1	1	1	20.147
63.721	1	1	1	1.57952
63.761	1	1	1	12.8381
63.801	1	1	1	23.5954
63.841	1	1	1	7.25174
63.881	1	1	1	2.85424
63.921	1	1	1	9.93926
63.961	1	1	1	39.4244
64.001	1	1	1	16.574
64.041	1	1	1	14.1625
64.081	1	1	1	6.03166
64.121	1	1	1	17.3804
64.161	1	1	1	30.0457
64.201	1	1	1	4.5317
64.241	1	1	1	17.8614
64.281	1	1	1	47.1254
64.321	1	1	1	57.4388
64.361	1	1	1	28.313
64.401	1	1	1	4.98461
64.441	1	1	1	46.0321
64.481	1	1	1	38.8647
64.521	1	1	1	10.5167
64.561	1	1	1	3.9084
64.601	1	1	1	2.91452
64.641	1	1	1	11.2752
64.681	1	1	1	17.5203
64.721	1	1	1	4.96546
64.761	1	1	1	4.65244
64.801	1	1	1	7.09559
64.841	1	1	1	5.96709
64.881	1	1	1	27.388
64.921	1	1	1	33.3879
64.961	1	1	1	11.5901
65.001	1	1	1	0.487801
65.041	1	1	1	9.86344
65.081	1	1	1	54.8313
65.121	1	1	1	71.5732
65.161	1	1	1	79.6169
65.201	1	1	1	71.4095
65.241	1	1	1	13.2529
65.281	1	1	1	33.074
65.321	1	1	1	20.5557
65.361	1	1	1	27.0906
65.401	1	1	1	122.45
65.441	1	1	1	72.3258
65.481	1	1	1	12.4083
65.521	1	1	1	4.29144
65.561	1	1	1	20.1719
65.601	1	1	1	53.2449
65.641	1	1	1	20.1036
65.681	1	1	1	2.42528
65.721	1	1	1	10.3038
65.761	1	1	1	4.77504
65.801	1	1	1	11.8268
65.841	1	1	1	27.9922
65.881	1	1	1	16.7006
65.921	1	1	1	12.0789
65.961	1	1	1	35.6057
66.001	1	1	1	31.478
66.041	1	1	1	1.21334
66.081	1	1	1	18.5016
66.121	1	1	1	1.8962
66.161	1	1	1	37.3178
66.201	1	1	1	78.6302
66.241	1	1	1	34.1743
66.281	1	1	1	24.0566
66.321	1	1	1	72.0506
66.361	1	1	1	43.3049
66.401	1	1	1	3.7109
66.441	1	1	1	43.2323
66.481	1	1	1	19.7712
66.521	1	1	1	19.6317
66.561	1	1	1	9.10793
66.601	1	1	1	6.04675
66.641	1	1	1	31.9072
66.681	1	1	1	17.9375
66.721	1	1	1	6.92616
66.761	1	1	1	49.898
66.801	1	1	1	29.2885
66.841	1	1	1	5.31717
66.881	1	1	1	33.522
66.921	1	1	1	23.0609
66.961	1	1	1	9.52177
67.001	1	1	1	9.83668
67.041	1	1	1	31.8566
67.081	1	1	1	24.9111
67.121	1	1	1	16.8692
67.161	1	1	1	56.2823
67.201	1	1	1	26.187
67.241	1	1	1	8.04651
67.281	1	1	1	26.564
67.321	1	1	1	16.5099
67.361	1	1	1	8.52119
67.401	1	1	1	4.44137
67.441	1	1	1	48.6825
67.481	1	1	1	73.9939
67.521	1	1	1	48.6376
67.561	1	1	1	20.8635
67.601	1	1	1	5.84088
67.641	1	1	1	15.9739
67.681	1	1	1	1.97294
67.721	1	1	1	9.55407
67.761	1	1	1	14.1221
67.801	1	1	1	41.627
67.841	1	1	1	23.8176
67.881	1	1	1	4.83446
67.921	1	1	1	17.6728
67.961	1	1	1	3.28976
68.001	1	1	1	51.819
68.041	1	1	1	59.391
68.081	1	1	1	29.4371
68.121	1	1	1	20.5597
68.161	1	1	1	57.2819
68.201	1	1	1	26.3706
68.241	1	1	1	3.14722
68.281	1	1	1	24.7834
68.321	1	1	1	30.2351
68.361	1	1	1	2.77118
68.401	1	1	1	35.3616
68.441	1	1	1	60.5778
68.481	1	1	1	19.2998
68.521	1	1	1	23.5297
68.561	1	1	1	33.6556
68.601	1	1	1	45.1958
68.641	1	1	1	41.4227
68.681	1	1	1	43.1007
68.721	1	1	1	52.8645
68.761	1	1	1	50.4283
68.801	1	1	1	26.8401
68.841	1	1	1	34.1687
68.881	1	1	1	56.5602
68.921	1	1	1	32.8778
68.961	1	1	1	12.3105
69.001	1	1	1	57.2025
69.041	1	1	1	38.3312
69.081	1	1	1	4.79576
69.121	1	1	1	22.4423
69.161	1	1	1	38.8324
69.201	1	1	1	9.48199
69.241	1	1	1	8.44605
69.281	1	1	1	4.69398
69.321	1	1	1	4.99359
69.361	1	1	1	8.0334
69.401	1	1	1	11.5287
69.441	1	1	1	55.7004
69.481	1	1	1	53.4869
69.521	1	1	1	35.4235
69.561	1	1	1	25.1934
69.601	1	1	1	29.4964
69.641	1	1	1	38.8952
69.681	1	1	1	15.6472
69.721	1	1	1	12.5863
69.761	1	1	1	39.1326
69.801	1	1	1	20.449
69.841	1	1	1	24.3439
69.881	1	1	1	52.6242
69.921	1	1	1	20.9948
69.961	1	1	1	8.9126
70.001	1	1	1	33.6206
70.041	1	1	1	4.41874
70.081	1	1	1	10.3085
70.121	1	1	1	7.90452
70.161	1	1	1	3.59503
70.201	1	1	1	24.7301
70.241	1	1	1	54.1407
70.281	1	1	1	35.3418
70.321	1	1	1	23.2667
70.361	1	1	1	17.5303
70.401	1	1	1	27.981
70.441	1	1	1	75.7072
70.481	1	1	1	61.9902
70.521	1	1	1	71.4034
70.561	1	1	1	117.254
70.601	1	1	1	17.0321
70.641	1	1	1	47.998
70.681	1	1	1	87.6317
70.721	1	1	1	14.8319
70.761	1	1	1	47.9118
70.801	1	1	1	44.8163
70.841	1	1	1	32.523
70.881	1	1	1	28.2036
70.921	1	1	1	8.72818
70.961	1	1	1	35.4329
71.001	1	1	1	20.0599
71.041	1	1	1	24.2688
71.081	1	1	1	63.1936
71.121	1	1	1	29.8673
71.161	1	1	1	43.5896
71.201	1	1	1	36.5955
71.241	1	1	1	21.4339
71.281	1	1	1	49.8115
71.321	1	1	1	18.3223
71.361	1	1	1	11.6864
71.401	1	1	1	15.2481
71.441	1	1	1	7.28894
71.481	1	1	1	11.1805
71.521	1	1	1	22.8573
71.561	1	1	1	34.657
71.601	1	1	1	9.19416
71.641	1	1	1	11.3687
71.681	1	1	1	10.8674
71.721	1	1	1	7.72207
71.761	1	1	1	11.961
71.801	1	1	1	7.73437
71.841	1	1	1	9.68687
71.881	1	1	1	13.9296
71.921	1	1	1	5.5349
71.961	1	1	1	1.1085
72.001	1	1	1	15.5989
72.041	1	1	1	5.96466
72.081	1	1	1	7.23189
72.121	1	1	1	17.3626
72.161	1	1	1	78.735
72.201	1	1	1	100.501
72.241	1	1	1	68.3332
72.281	1	1	1	78.2882
72.321	1	1	1	46.4839
72.361	1	1	1	25.9973
72.401	1	1	1	31.7757
72.441	1	1	1	3.50623
72.481	1	1	1	56.7072
72.521	1	1	1	81.2449
72.561	1	1	1	100.827
72.601	1	1	1	44.9894
72.641	1	1	1	5.76997
72.681	1	1	1	26.2655
72.721	1	1	1	24.1528
72.761	1	1	1	10.2318
72.801	1	1	1	8.00558
72.841	1	1	1	1.67774
72.881	1	1	1	1.26259
72.921	1	1	1	6.11417
72.961	1	1	1	12.0102
73.001	1	1	1	26.7644
73.041	1	1	1	26.5471
73.081	1	1	1	15.695
73.121	1	1	1	110.559
73.161	1	1	1	84.988
73.201	1	1	1	14.1193
73.241	1	1	1	10.5933
73.281	1	1	1	9.11185
73.321	1	1	1	86.4853
73.361	1	1	1	91.2801
73.401	1	1	1	19.0848
73.441	1	1	1	5.0144
73.481	1	1	1	18.3533
73.521	1	1	1	8.87679
73.561	1	1	1	32.0101
73.601	1	1	1	21.2029
73.641	1	1	1	5.07604
73.681	1	1	1	22.0093
73.721	1	1	1	9.78452
73.761	1	1	1	7.68544
73.801	1	1	1	14.1378
73.841	1	1	1	13.4173
73.881	1	1	1	21.5465
73.921	1	1	1	32.5656
73.961	1	1	1	32.4946
74.001	1	1	1	2.1332
74.041	1	1	1	0.991215
74.081	1	1	1	6.1869
74.121	1	1	1	28.5745
74.161	1	1	1	18.1195
74.201	1	1	1	1.31425
74.241	1	1	1	2.00116
74.281	1	1	1	24.8756
74.321	1	1	1	73.067
74.361	1	1	1	30.1061
74.401	1	1	1	10.8184
74.441	1	1	1	37.8904
74.481	1	1	1	3.12654
74.521	1	1	1	60.8037
74.561	1	1	1	62.3894
74.601	1	1	1	23.7421
74.641	1	1	1	7.12622
74.681	1	1	1	50.7074
74.721	1	1	1	63.148
74.761	1	1	1	33.164
74.801	1	1	1	18.8292
74.841	1	1	1	7.9816
74.881	1	1	1	1.32934
74.921	1	1	1	13.307
74.961	1	1	1	8.42685
75.001	1	1	1	3.39223
75.041	1	1	1	31.2089
75.081	1	1	1	57.371
75.121	1	1	1	22.5574
75.161	1	1	1	14.5483
75.201	1	1	1	20.2869
75.241	1	1	1	41.7256
75.281	1	1	1	43.2071
75.321	1	1	1	12.8308
75.361	1	1	1	6.45685
75.401	1	1	1	5.21041
75.441	1	1	1	11.6165
75.481	1	1	1	13.8128
75.521	1	1	1	7.55077
75.561	1	1	1	13.5003
75.601	1	1	1	9.28293
75.641	1	1	1	0.726345
75.681	1	1	1	7.44872
75.721	1	1	1	23.5904
75.761	1	1	1	33.8322
75.801	1	1	1	31.4176
75.841	1	1	1	28.6866
75.881	1	1	1	31.6941
75.921	1	1	1	38.9261
75.961	1	1	1	36.0854
76.001	1	1	1	52.3875
76.041	1	1	1	11.2986
76.081	1	1	1	15.1242
76.121	1	1	1	69.3573
76.161	1	1	1	58.1754
76.201	1	1	1	12.3431
76.241	1	1	1	1.20619
76.281	1	1	1	2.36601
76.321	1	1	1	13.8981
76.361	1	1	1	43.1964
76.401	1	1	1	32.6818
76.441	1	1	1	14.91
76.481	1	1	1	18.0912
76.521	1	1	1	36.4864
76.561	1	1	1	43.8491
76.601	1	1	1	35.1097
76.641	1	1	1	9.98907
76.681	1	1	1	8.69759
76.721	1	1	1	14.5636
76.761	1	1	1	13.4104
76.801	1	1	1	24.673
76.841	1	1	1	16.9915
76.881	1	1	1	7.605
76.921	1	1	1	6.90522
76.961	1	1	1	10.4697
77.001	1	1	1	38.4405
77.041	1	1	1	1.37485
77.081	1	1	1	19.2921
77.121	1	1	1	32.6098
77.161	1	1	1	37.2194
77.201	1	1	1	19.7983
77.241	1	1	1	5.88172
77.281	1	1	1	4.92948
77.321	1	1	1	30.0535
77.361	1	1	1	77.7
77.401	1	1	1	57.971
77.441	1	1	1	36.9984
77.481	1	1	1	40.3519
77.521	1	1	1	18.6967
77.561	1	1	1	12.3668
77.601	1	1	1	11.5504
77.641	1	1	1	22.2345
77.681	1	1	1	25.4886
77.721	1	1	1	12.4097
77.761	1	1	1	8.10455
77.801	1	1	1	13.8964
77.841	1	1	1	34.5019
77.881	1	1	1	15.5971
77.921	1	1	1	27.8299
77.961	1	1	1	53.4772
78.001	1	1	1	93.7307
78.041	1	1	1	78.287
78.081	1	1	1	18.7566
78.121	1	1	1	5.41413
78.161	1	1	1	7.14477
78.201	1	1	1	17.2724
78.241	1	1	1	10.2594
78.281	1	1	1	28.4591
78.321	1	1	1	84.5775
78.361	1	1	1	63.0604
78.401	1	1	1	8.79773
78.441	1	1	1	9.80664
78.481	1	1	1	12.6272
78.521	1	1	1	39.8282
78.561	1	1	1	6.30507
78.601	1	1	1	35.1042
78.641	1	1	1	65.8672
78.681	1	1	1	11.7509
78.721	1	1	1	12.5636
78.761	1	1	1	11.0579
78.801	1	1	1	20.7839
78.841	1	1	1	102.983
78.881	1	1	1	37.0804
78.921	1	1	1	20.7697
78.961	1	1	1	77.7968
79.001	1	1	1	3.72658
79.041	1	1	1	5.17437
79.081	1	1	1	10.1005
79.121	1	1	1	8.30498
79.161	1	1	1	56.5377
79.201	1	1	1	83.6154
79.241	1	1	1	29.8407
79.281	1	1	1	18.2474
79.321	1	1	1	38.3109
79.361	1	1	1	40.4504
79.401	1	1	1	24.1836
79.441	1	1	1	28.5236
79.481	1	1	1	47.2252
79.521	1	1	1	35.9773
79.561	1	1	1	56.5616
79.601	1	1	1	46.4392
79.641	1	1	1	15.165
79.681	1	1	1	31.4373
79.721	1	1	1	64.7689
79.761	1	1	1	21.1686
79.801	1	1	1	6.90504
79.841	1	1	1	41.6653
79.881	1	1	1	21.812
79.921	1	1	1	33.8871
79.961	1	1	1	35.6962
80.001	1	1	1	53.2486
80.041	1	1	1	28.8059
80.081	1	1	1	2.94657
80.121	1	1	1	29.5535
80.161	1	1	1	32.0638
80.201	1	1	1	5.86985
80.241	1	1	1	9.07193
80.281	1	1	1	2.68119
80.321	1	1	1	6.89643
80.361	1	1	1	6.09405
80.401	1	1	1	18.4575
80.441	1	1	1	60.2641
80.481	1	1	1	40.5643
80.521	1	1	1	14.634
80.561	1	1	1	36.1122
80.601	1	1	1	13.143
80.641	1	1	1	8.92645
80.681	1	1	1	12.0636
80.721	1	1	1	6.89582
80.761	1	1	1	11.2524
80.801	1	1	1	8.54052
80.841	1	1	1	7.98026
80.881	1	1	1	13.5292
80.921	1	1	1	7.77781
80.961	1	1	1	0.575157
81.001	1	1	1	4.99136
81.041	1	1	1	10.5288
81.081	1	1	1	23.7611
81.121	1	1	1	22.0945
81.161	1	1	1	10.2128
81.201	1	1	1	48.0138
81.241	1	1	1	45.043
81.281	1	1	1	2.86764
81.321	1	1	1	15.4373
81.361	1	1	1	30.8996
81.401	1	1	1	36.9181
81.441	1	1	1	23.0445
81.481	1	1	1	6.46202
81.521	1	1	1	27.4356
81.561	1	1	1	27.0123
81.601	1	1	1	12.9275
81.641	1	1	1	50.8172
81.681	1	1	1	30.8931
81.721	1	1	1	5.86479
81.761	1	1	1	24.5408
81.801	1	1	1	17.02
81.841	1	1	1	9.16887
81.881	1	1	1	2.83774
81.921	1	1	1	39.0981
81.961	1	1	1	71.7715
82.001	1	1	1	1.3039
82.041	1	1	1	14.1891
82.081	1	1	1	21.5467
82.121	1	1	1	5.97434
82.161	1	1	1	7.64358
82.201	1	1	1	13.0205
82.241	1	1	1	15.9457
82.281	1	1	1	9.2341
82.321	1	1	1	11.3999
82.361	1	1	1	37.4345
82.401	1	1	1	18.6594
82.441	1	1	1	4.41933
82.481	1	1	1	36.5491
82.521	1	1	1	31.6308
82.561	1	1	1	3.22775
82.601	1	1	1	26.5768
82.641	1	1	1	1.68109
82.681	1	1	1	115.43
82.721	1	1	1	257.871
82.761	1	1	1	123.45
82.801	1	1	1	12.0813
82.841	1	1	1	37.5769
82.881	1	1	1	42.4446
82.921	1	1	1	32.9022
82.961	1	1	1	8.30836
83.001	1	1	1	17.507
83.041	1	1	1	4.06931
83.081	1	1	1	6.82747
83.121	1	1	1	18.4293
83.161	1	1	1	36.8568
83.201	1	1	1	57.3082
83.241	1	1	1	52.4765
83.281	1	1	1	25.425
83.321	1	1	1	19.0974
83.361	1	1	1	13.8606
83.401	1	1	1	8.53231
83.441	1	1	1	12.0054
83.481	1	1	1	3.67827
83.521	1	1	1	30.3709
83.561	1	1	1	42.4149
83.601	1	1	1	10.9189
83.641	1	1	1	7.87589
83.681	1	1	1	15.1673
83.721	1	1	1	11.4525
83.761	1	1	1	16.9744
83.801	1	1	1	29.7026
83.841	1	1	1	17.5393
83.881	1	1	1	2.95261
83.921	1	1	1	37.6953
83.961	1	1	1	40.2482
84.001	1	1	1	7.5664
84.041	1	1	1	3.11065
84.081	1	1	1	10.764
84.121	1	1	1	13.2209
84.161	1	1	1	12.152
84.201	1	1	1	38.1962
84.241	1	1	1	45.2106
84.281	1	1	1	32.4851
84.321	1	1	1	13.469
84.361	1	1	1	15.1912
84.401	1	1	1	64.8484
84.441	1	1	1	77.9499
84.481	1	1	1	31.8009
84.521	1	1	1	26.7912
84.561	1	1	1	9.85229
84.601	1	1	1	16.5591
84.641	1	1	1	17.1971
84.681	1	1	1	11.017
84.721	1	1	1	0.67594
84.761	1	1	1	28.0724
84.801	1	1	1	67.0088
84.841	1	1	1	24.9632
84.881	1	1	1	6.16451
84.921	1	1	1	18.0684
84.961	1	1	1	4.66143
85.001	1	1	1	11.8897
85.041	1	1	1	36.6118
85.081	1	1	1	36.9796
85.121	1	1	1	13.1788
85.161	1	1	1	8.81113
85.201	1	1	1	8.73464
85.241	1	1	1	6.10662
85.281	1	1	1	18.5415
85.321	1	1	1	9.36971
85.361	1	1	1	25.8189
85.401	1	1	1	60.4369
85.441	1	1	1	27.2617
85.481	1	1	1	13.1304
85.521	1	1	1	31.6479
85.561	1	1	1	76.4582
85.601	1	1	1	88.0857
85.641	1	1	1	41.1447
85.681	1	1	1	13.4193
85.721	1	1	1	1.44889
85.761	1	1	1	6.62446
85.801	1	1	1	7.42814
85.841	1	1	1	3.17001
85.881	1	1	1	13.4915
85.921	1	1	1	8.15595
85.961	1	1	1	10.0369
86.001	1	1	1	5.0726
86.041	1	1	1	41.4159
86.081	1	1	1	36.1537
86.121	1	1	1	12.9293
86.161	1	1	1	24.4362
86.201	1	1	1	27.4906
86.241	1	1	1	18.3329
86.281	1	1	1	9.89457
86.321	1	1	1	29.6309
86.361	1	1	1	78.3724
86.401	1	1	1	72.3837
86.441	1	1	1	15.3896
86.481	1	1	1	34.3905
86.521	1	1	1	7.90192
86.561	1	1	1	33.6143
86.601	1	1	1	35.7995
86.641	1	1	1	6.36157
86.681	1	1	1	42.4928
86.721	1	1	1	24.9501
86.761	1	1	1	16.3874
86.801	1	1	1	32.3649
86.841	1	1	1	20.3958
86.881	1	1	1	5.10902
86.921	1	1	1	25.9171
86.961	1	1	1	45.6579
87.001	1	1	1	25.8363
87.041	1	1	1	1.74288
87.081	1	1	1	42.2628
87.121	1	1	1	62.9735
87.161	1	1	1	27.6741
87.201	1	1	1	28.1997
87.241	1	1	1	8.97181
87.281	1	1	1	22.1109
87.321	1	1	1	30.1854
87.361	1	1	1	14.3512
87.401	1	1	1	45.8193
87.441	1	1	1	25.8145
87.481	1	1	1	11.248
87.521	1	1	1	14.0765
87.561	1	1	1	3.7494
87.601	1	1	1	25.7431
87.641	1	1	1	14.5927
87.681	1	1	1	2.10411
87.721	1	1	1	7.95894
87.761	1	1	1	18.054
87.801	1	1	1	47.7096
87.841	1	1	1	50.0024
87.881	1	1	1	33.0424
87.921	1	1	1	38.8797
87.961	1	1	1	24.0347
88.001	1	1	1	11.1823
88.041	1	1	1	23.2084
88.081	1	1	1	5.86507
88.121	1	1	1	14.9104
88.161	1	1	1	37.9384
88.201	1	1	1	22.9504
88.241	1	1	1	35.7883
88.281	1	1	1	91.9786
88.321	1	1	1	90.4565
88.361	1	1	1	32.3402
88.401	1	1	1	3.85733
88.441	1	1	1	21.0284
88.481	1	1	1	52.7892
88.521	1	1	1	5.20032
88.561	1	1	1	47.4853
88.601	1	1	1	21.9584
88.641	1	1	1	9.93119
88.681	1	1	1	10.7516
88.721	1	1	1	12.8454
88.761	1	1	1	63.0644
88.801	1	1	1	40.0495
88.841	1	1	1	1.13137
88.881	1	1	1	27.1896
88.921	1	1	1	41.8643
88.961	1	1	1	20.052
89.001	1	1	1	1.15331
89.041	1	1	1	26.3532
89.081	1	1	1	41.9821
89.121	1	1	1	20.6774
89.161	1	1	1	21.7823
89.201	1	1	1	64.3978
89.241	1	1	1	39.9768
89.281	1	1	1	17.1985
89.321	1	1	1	48.983
89.361	1	1	1	41.164
89.401	1	1	1	19.3405
89.441	1	1	1	4.45759
89.481	1	1	1	12.9133
89.521	1	1	1	37.7094
89.561	1	1	1	52.7437
89.601	1	1	1	47.7995
89.641	1	1	1	31.5834
89.681	1	1	1	15.1393
89.721	1	1	1	2.25986
89.761	1	1	1	4.91663
89.801	1	1	1	7.17268
89.841	1	1	1	51.0397
89.881	1	1	1	72.7866
89.921	1	1	1	18.4822
89.961	1	1	1	14.7384
90.001	1	1	1	9.13247
90.041	1	1	1	72.2167
90.081	1	1	1	55.1788
90.121	1	1	1	6.97404
90.161	1	1	1	21.1452
90.201	1	1	1	27.3809
90.241	1	1	1	15.929
90.281	1	1	1	10.6983
90.321	1	1	1	4.63296
90.361	1	1	1	6.00671
90.401	1	1	1	20.4836
90.441	1	1	1	29.8396
90.481	1	1	1	32.4385
90.521	1	1	1	44.5308
90.561	1	1	1	52.1804
90.601	1	1	1	26.0729
90.641	1	1	1	2.72555
90.681	1	1	1	50.6286
90.721	1	1	1	67.2896
90.761	1	1	1	24.6512
90.801	1	1	1	1.31862
90.841	1	1	1	2.33057
90.881	1	1	1	5.97292
90.921	1	1	1	32.9324
90.961	1	1	1	39.1967
91.001	1	1	1	19.7986
91.041	1	1	1	34.1999
91.081	1	1	1	21.5309
91.121	1	1	1	23.9866
91.161	1	1	1	11.8098
91.201	1	1	1	2.40496
91.241	1	1	1	15.8584
91.281	1	1	1	14.0268
91.321	1	1	1	7.54721
91.361	1	1	1	5.79521
91.401	1	1	1	0.748881
91.441	1	1	1	5.53159
91.481	1	1	1	18.1887
91.521	1	1	1	20.0939
91.561	1	1	1	29.0339
91.601	1	1	1	20.856
91.641	1	1	1	21.2305
91.681	1	1	1	7.82318
91.721	1	1	1	27.8907
91.761	1	1	1	57.6453
91.801	1	1	1	30.9351
91.841	1	1	1	58.0061
91.881	1	1	1	95.727
91.921	1	1	1	45.3714
91.961	1	1	1	7.8248
92.001	1	1	1	25.9108
92.041	1	1	1	6.63849
92.081	1	1	1	12.3016
92.121	1	1	1	27.1586
92.161	1	1	1	44.2496
92.201	1	1	1	27.1105
92.241	1	1	1	91.8878
92.281	1	1	1	121.553
92.321	1	1	1	30.1847
92.361	1	1	1	5.82158
92.401	1	1	1	5.45342
92.441	1	1	1	8.70183
92.481	1	1	1	22.137
92.521	1	1	1	5.60535
92.561	1	1	1	32.539
92.601	1	1	1	31.7464
92.641	1	1	1	12.7421
92.681	1	1	1	12.9958
92.721	1	1	1	31.3489
92.761	1	1	1	22.9154
92.801	1	1	1	11.4413
92.841	1	1	1	37.2396
92.881	1	1	1	29.7135
92.921	1	1	1	16.3325
92.961	1	1	1	10.1498
93.001	1	1	1	24.9828
93.041	1	1	1	9.0673
93.081	1	1	1	28.0337
93.121	1	1	1	21.5249
93.161	1	1	1	12.7419
93.201	1	1	1	7.96272
93.241	1	1	1	3.22578
93.281	1	1	1	12.1299
93.321	1	1	1	26.0761
93.361	1	1	1	30.6827
93.401	1	1	1	35.1658
93.441	1	1	1	41.3915
93.481	1	1	1	23.2053
93.521	1	1	1	11.8469
93.561	1	1	1	16.1924
93.601	1	1	1	6.88656
93.641	1	1	1	13.7003
93.681	1	1	1	10.2059
93.721	1	1	1	23.2316
93.761	1	1	1	87.8458
93.801	1	1	1	51.4506
93.841	1	1	1	12.8573
93.881	1	1	1	10.0279
93.921	1	1	1	6.23558
93.961	1	1	1	40.5533
94.001	1	1	1	26.7325
94.041	1	1	1	47.5146
94.081	1	1	1	46.4083
94.121	1	1	1	16.1324
94.161	1	1	1	9.37809
94.201	1	1	1	24.4461
94.241	1	1	1	21.0476
94.281	1	1	1	3.46112
94.321	1	1	1	10.1495
94.361	1	1	1	7.48028
94.401	1	1	1	16.9376
94.441	1	1	1	22.0502
94.481	1	1	1	10.9867
94.521	1	1	1	43.4217
94.561	1	1	1	25.026
94.601	1	1	1	11.4304
94.641	1	1	1	9.87676
94.681	1	1	1	7.569
94.721	1	1	1	7.45383
94.761	1	1	1	5.13772
94.801	1	1	1	25.154
94.841	1	1	1	27.492
94.881	1	1	1	7.06609
94.921	1	1	1	12.0568
94.961	1	1	1	13.3671
95.001	1	1	1	3.36284
95.041	1	1	1	6.00526
95.081	1	1	1	21.0523
95.121	1	1	1	15.7737
95.161	1	1	1	4.86417
95.201	1	1	1	13.2661
95.241	1	1	1	14.5704
95.281	1	1	1	15.6687
95.321	1	1	1	12.2034
95.361	1	1	1	3.80249
95.401	1	1	1	20.3339
95.441	1	1	1	30.187
95.481	1	1	1	12.4946
95.521	1	1	1	9.99605
95.561	1	1	1	6.8978
95.601	1	1	1	2.21026
95.641	1	1	1	11.3314
95.681	1	1	1	9.5594
95.721	1	1	1	16.9389
95.761	1	1	1	38.7524
95.801	1	1	1	21.7128
95.841	1	1	1	4.99873
95.881	1	1	1	7.34128
95.921	1	1	1	8.89638
95.961	1	1	1	54.6948
96.001	1	1	1	7.17376
96.041	1	1	1	13.7837
96.081	1	1	1	40.313
96.121	1	1	1	29.3936
96.161	1	1	1	13.3599
96.201	1	1	1	50.7141
96.241	1	1	1	55.4522
96.281	1	1	1	15.3953
96.321	1	1	1	37.9376
96.361	1	1	1	47.545
96.401	1	1	1	25.2081
96.441	1	1	1	8.38556
96.481	1	1	1	6.24514
96.521	1	1	1	31.7329
96.561	1	1	1	37.9121
96.601	1	1	1	20.8644
96.641	1	1	1	0.286595
96.681	1	1	1	19.4176
96.721	1	1	1	19.4731
96.761	1	1	1	14.8409
96.801	1	1	1	21.0874
96.841	1	1	1	6.38253
96.881	1	1	1	5.96225
96.921	1	1	1	9.70503
96.961	1	1	1	16.3077
97.001	1	1	1	31.3114
97.041	1	1	1	31.6487
97.081	1	1	1	13.35
97.121	1	1	1	4.13008
97.161	1	1	1	9.75311
97.201	1	1	1	32.8132
97.241	1	1	1	22.1023
97.281	1	1	1	2.84153
97.321	1	1	1	11.4828
97.361	1	1	1	8.6939
97.401	1	1	1	3.98216
97.441	1	1	1	23.6592
97.481	1	1	1	23.8882
97.521	1	1	1	10.9248
97.561	1	1	1	4.1475
97.601	1	1	1	9.15825
97.641	1	1	1	13.3888
97.681	1	1	1	19.8158
97.721	1	1	1	13.7603
97.761	1	1	1	12.0037
97.801	1	1	1	4.66406
97.841	1	1	1	18.9126
97.881	1	1	1	24.0017
97.921	1	1	1	2.52053
97.961	1	1	1	20.2262
98.001	1	1	1	28.1271
98.041	1	1	1	16.8658
98.081	1	1	1	5.96574
98.121	1	1	1	6.33262
98.161	1	1	1	15.2319
98.201	1	1	1	20.1044
98.241	1	1	1	8.44571
98.281	1	1	1	18.7005
98.321	1	1	1	10.6112
98.361	1	1	1	24.1958
98.401	1	1	1	51.5549
98.441	1	1	1	26.9536
98.481	1	1	1	27.066
98.521	1	1	1	17.7593
98.561	1	1	1	7.57348
98.601	1	1	1	9.74029
98.641	1	1	1	2.36415
98.681	1	1	1	26.7438
98.721	1	1	1	69.5848
98.761	1	1	1	39.7594
98.801	1	1	1	11.9296
98.841	1	1	1	35.5262
98.881	1	1	1	56.4871
98.921	1	1	1	75.3974
98.961	1	1	1	44.161
99.001	1	1	1	67.5628
99.041	1	1	1	64.3325
99.081	1	1	1	21.753
99.121	1	1	1	16.4121
99.161	1	1	1	89.1375
99.201	1	1	1	78.2514
99.241	1	1	1	39.012
99.281	1	1	1	35.6794
99.321	1	1	1	15.5397
99.361	1	1	1	3.78793
99.401	1	1	1	2.6741
99.441	1	1	1	6.22822
99.481	1	1	1	15.7433
99.521	1	1	1	68.068
99.561	1	1	1	59.6265
99.601	1	1	1	11.0276
99.641	1	1	1	33.5721
99.681	1	1	1	16.9064
99.721	1	1	1	6.58473
99.761	1	1	1	19.7731
99.801	1	1	1	7.31731
99.841	1	1	1	8.8173
99.881	1	1	1	11.1845
99.921	1	1	1	42.1687
99.961	1	1	1	38.4602
