QQQQ: 0 0 0 0 0
QQQQ: 0.1 0 0 0 0
QQQQ: 0.2 0 0 0 0
QQQQ: 0.3 0 0 0 0
QQQQ: 0.4 0 0 0 0
QQQQ: 0.5 0 0 0 0
QQQQ: 0.6 0 0 0 0
QQQQ: 0.7 0 0 0 0
QQQQ: 0.8 0 0 0 0
QQQQ: 0.9 0 0 0 0
QQQQ: 1 0 1734 0 0
QQQQ: 1.1 0 2890 0 0
QQQQ: 1.2 0 2890 0 0
QQQQ: 1.3 0 6358 0 0
QQQQ: 1.4 0 12716 0 0
QQQQ: 1.5 0 19652 0 0
QQQQ: 1.6 0 26010 0 0
QQQQ: 1.7 0 30634 0 0
QQQQ: 1.8 0 37570 0 0
QQQQ: 1.9 0 43928 0 0
QQQQ: 2 0 50286 0 0
QQQQ: 2.1 0 57222 0 0
QQQQ: 2.2 0 60690 0 0
QQQQ: 2.3 0 60112 0 0
QQQQ: 2.4 0 60112 0 0
QQQQ: 2.5 0 60112 0 0
QQQQ: 2.6 0 60690 0 0
QQQQ: 2.7 0 60690 0 0
QQQQ: 2.8 0 51442 0 0
QQQQ: 2.9 0 39304 0 0
QQQQ: 3 0 26588 0 0
QQQQ: 3.1 0 14450 0 0
QQQQ: 3.2 0 1734 0 0
QQQQ: 3.3 0 0 0 0
QQQQ: 3.4 0 0 0 0
QQQQ: 3.5 0 0 0 0
QQQQ: 3.6 0 1156 0 0
QQQQ: 3.7 0 2312 0 0
QQQQ: 3.8 0 2890 0 0
QQQQ: 3.9 0 5780 0 0
QQQQ: 4 0 12138 0 0
QQQQ: 4.1 0 19074 0 0
QQQQ: 4.2 0 25432 0 0
QQQQ: 4.3 0 26010 0 0
QQQQ: 4.4 0 26010 0 0
QQQQ: 4.5 0 26010 0 0
QQQQ: 4.6 0 26588 0 0
QQQQ: 4.7 0 26588 0 0
QQQQ: 4.8 0 25432 0 0
QQQQ: 4.9 0 26588 0 0
QQQQ: 5 0 26588 0 0
QQQQ: 5.1 0 27166 0 0
QQQQ: 5.2 0 27166 0 0
QQQQ: 5.3 0 27166 0 0
QQQQ: 5.4 0 26588 0 0
QQQQ: 5.5 0 27166 0 0
QQQQ: 5.6 0 27166 0 0
QQQQ: 5.7 0 27744 0 0
QQQQ: 5.8 0 27744 0 0
QQQQ: 5.9 0 26588 0 0
QQQQ: 6 0 27166 0 0
QQQQ: 6.1 0 27744 0 0
QQQQ: 6.2 0 28322 0 0
QQQQ: 6.3 0 28322 0 0
QQQQ: 6.4 0 27166 0 0
QQQQ: 6.5 0 27744 0 0
QQQQ: 6.6 0 27744 0 0
QQQQ: 6.7 0 28322 0 0
QQQQ: 6.8 0 28900 0 0
QQQQ: 6.9 0 28900 0 0
QQQQ: 7 0 28322 0 0
QQQQ: 7.1 0 28322 0 0
QQQQ: 7.2 0 28322 0 0
QQQQ: 7.3 0 28900 0 0
QQQQ: 7.4 0 29478 0 0
QQQQ: 7.5 0 28322 0 0
QQQQ: 7.6 0 28900 0 0
QQQQ: 7.7 0 28900 0 0
QQQQ: 7.8 0 29478 0 0
QQQQ: 7.9 0 29478 0 0
QQQQ: 8 0 28322 0 0
QQQQ: 8.1 0 29478 0 0
QQQQ: 8.2 0 29478 0 0
QQQQ: 8.3 0 29478 0 0
QQQQ: 8.4 0 30056 0 0
QQQQ: 8.5 0 30056 0 0
QQQQ: 8.6 0 29478 0 0
QQQQ: 8.7 0 29478 0 0
QQQQ: 8.8 0 30056 0 0
QQQQ: 8.9 0 30634 0 0
QQQQ: 9 0 30634 0 0
QQQQ: 9.1 0 29478 0 0
QQQQ: 9.2 0 30056 0 0
QQQQ: 9.3 0 30056 0 0
QQQQ: 9.4 0 30634 0 0
QQQQ: 9.5 0 31212 0 0
QQQQ: 9.6 0 30056 0 0
QQQQ: 9.7 0 30634 0 0
QQQQ: 9.8 0 30634 0 0
QQQQ: 9.9 0 30634 0 0
QQQQ: 10 0 31212 0 0
QQQQ: 10.1 0 31212 0 0
QQQQ: 10.2 0 31212 0 0
QQQQ: 10.3 0 31212 0 0
QQQQ: 10.4 0 31212 0 0
QQQQ: 10.5 0 31790 0 0
QQQQ: 10.6 0 31790 0 0
QQQQ: 10.7 0 30634 0 0
QQQQ: 10.8 0 31212 0 0
QQQQ: 10.9 0 31790 0 0
QQQQ: 11 0 32368 0 0
QQQQ: 11.1 0 32368 0 0
QQQQ: 11.2 0 31212 0 0
QQQQ: 11.3 0 31790 0 0
QQQQ: 11.4 0 31790 0 0
QQQQ: 11.5 0 31790 0 0
QQQQ: 11.6 0 32946 0 0
QQQQ: 11.7 0 32946 0 0
QQQQ: 11.8 0 32368 0 0
QQQQ: 11.9 0 32368 0 0
QQQQ: 12 0 32368 0 0
QQQQ: 12.1 0 32946 0 0
QQQQ: 12.2 0 32946 0 0
QQQQ: 12.3 0 32368 0 0
QQQQ: 12.4 0 32946 0 0
QQQQ: 12.5 0 32946 0 0
QQQQ: 12.6 0 33524 0 0
QQQQ: 12.7 0 33524 0 0
QQQQ: 12.8 0 33524 0 0
QQQQ: 12.9 0 32946 0 0
QQQQ: 13 0 33524 0 0
QQQQ: 13.1 0 33524 0 0
QQQQ: 13.2 0 34102 0 0
QQQQ: 13.3 0 34102 0 0
QQQQ: 13.4 0 33524 0 0
QQQQ: 13.5 0 33524 0 0
QQQQ: 13.6 0 33524 0 0
QQQQ: 13.7 0 34680 0 0
QQQQ: 13.8 0 34680 0 0
QQQQ: 13.9 0 33524 0 0
QQQQ: 14 0 34102 0 0
QQQQ: 14.1 0 34102 0 0
QQQQ: 14.2 0 34680 0 0
QQQQ: 14.3 0 34680 0 0
QQQQ: 14.4 0 34680 0 0
QQQQ: 14.5 0 34680 0 0
QQQQ: 14.6 0 34680 0 0
QQQQ: 14.7 0 34680 0 0
QQQQ: 14.8 0 35258 0 0
QQQQ: 14.9 0 35258 0 0
QQQQ: 15 0 34680 0 0
QQQQ: 15.1 0 34680 0 0
QQQQ: 15.2 0 34680 0 0
QQQQ: 15.3 0 35836 0 0
QQQQ: 15.4 0 35836 0 0
QQQQ: 15.5 0 34680 0 0
QQQQ: 15.6 0 35258 0 0
QQQQ: 15.7 0 35258 0 0
QQQQ: 15.8 0 35258 0 0
QQQQ: 15.9 0 35836 0 0
QQQQ: 16 0 35836 0 0
QQQQ: 16.1 0 35258 0 0
QQQQ: 16.2 0 35836 0 0
QQQQ: 16.3 0 35836 0 0
QQQQ: 16.4 0 36414 0 0
QQQQ: 16.5 0 36414 0 0
QQQQ: 16.6 0 35258 0 0
QQQQ: 16.7 0 35836 0 0
QQQQ: 16.8 0 35836 0 0
QQQQ: 16.9 0 36414 0 0
QQQQ: 17 0 36992 0 0
QQQQ: 17.1 0 35836 0 0
QQQQ: 17.2 0 36414 0 0
QQQQ: 17.3 0 36414 0 0
QQQQ: 17.4 0 36414 0 0
QQQQ: 17.5 0 36992 0 0
QQQQ: 17.6 0 36992 0 0
QQQQ: 17.7 0 36414 0 0
QQQQ: 17.8 0 36992 0 0
QQQQ: 17.9 0 36992 0 0
QQQQ: 18 0 37570 0 0
QQQQ: 18.1 0 37570 0 0
QQQQ: 18.2 0 36414 0 0
QQQQ: 18.3 0 36992 0 0
QQQQ: 18.4 0 36992 0 0
QQQQ: 18.5 0 37570 0 0
QQQQ: 18.6 0 38148 0 0
QQQQ: 18.7 0 36992 0 0
QQQQ: 18.8 0 37570 0 0
QQQQ: 18.9 0 37570 0 0
QQQQ: 19 0 37570 0 0
QQQQ: 19.1 0 38148 0 0
QQQQ: 19.2 0 38148 0 0
QQQQ: 19.3 0 37570 0 0
QQQQ: 19.4 0 37570 0 0
QQQQ: 19.5 0 38148 0 0
QQQQ: 19.6 0 38726 0 0
QQQQ: 19.7 0 38726 0 0
QQQQ: 19.8 0 37570 0 0
QQQQ: 19.9 0 38148 0 0
QQQQ: 20 0 38148 0 0
QQQQ: 20.1 0 38726 0 0
QQQQ: 20.2 0 38726 0 0
QQQQ: 20.3 0 38148 0 0
QQQQ: 20.4 0 38726 0 0
QQQQ: 20.5 0 38726 0 0
QQQQ: 20.6 0 38726 0 0
QQQQ: 20.7 0 39304 0 0
QQQQ: 20.8 0 39304 0 0
QQQQ: 20.9 0 38726 0 0
QQQQ: 21 0 38726 0 0
QQQQ: 21.1 0 39304 0 0
QQQQ: 21.2 0 39882 0 0
QQQQ: 21.3 0 39882 0 0
QQQQ: 21.4 0 38726 0 0
QQQQ: 21.5 0 39304 0 0
QQQQ: 21.6 0 39304 0 0
QQQQ: 21.7 0 39882 0 0
QQQQ: 21.8 0 39882 0 0
QQQQ: 21.9 0 40460 0 0
QQQQ: 22 0 39882 0 0
QQQQ: 22.1 0 39882 0 0
QQQQ: 22.2 0 39882 0 0
QQQQ: 22.3 0 40460 0 0
QQQQ: 22.4 0 40460 0 0
QQQQ: 22.5 0 39882 0 0
QQQQ: 22.6 0 39882 0 0
QQQQ: 22.7 0 39882 0 0
QQQQ: 22.8 0 41038 0 0
QQQQ: 22.9 0 41038 0 0
QQQQ: 23 0 39882 0 0
QQQQ: 23.1 0 40460 0 0
QQQQ: 23.2 0 40460 0 0
QQQQ: 23.3 0 41038 0 0
QQQQ: 23.4 0 41038 0 0
QQQQ: 23.5 0 41038 0 0
QQQQ: 23.6 0 41038 0 0
QQQQ: 23.7 0 41038 0 0
QQQQ: 23.8 0 41038 0 0
QQQQ: 23.9 0 41616 0 0
QQQQ: 24 0 41616 0 0
QQQQ: 24.1 0 41038 0 0
QQQQ: 24.2 0 41038 0 0
QQQQ: 24.3 0 41038 0 0
QQQQ: 24.4 0 42194 0 0
QQQQ: 24.5 0 42194 0 0
QQQQ: 24.6 0 41038 0 0
QQQQ: 24.7 0 41616 0 0
QQQQ: 24.8 0 41616 0 0
QQQQ: 24.9 0 41616 0 0
QQQQ: 25 0 42194 0 0
QQQQ: 25.1 0 42194 0 0
QQQQ: 25.2 0 41616 0 0
QQQQ: 25.3 0 41616 0 0
QQQQ: 25.4 0 42194 0 0
QQQQ: 25.5 0 42772 0 0
QQQQ: 25.6 0 42772 0 0
QQQQ: 25.7 0 41616 0 0
QQQQ: 25.8 0 42194 0 0
QQQQ: 25.9 0 42194 0 0
QQQQ: 26 0 42772 0 0
QQQQ: 26.1 0 42772 0 0
QQQQ: 26.2 0 41616 0 0
QQQQ: 26.3 0 42772 0 0
QQQQ: 26.4 0 42772 0 0
QQQQ: 26.5 0 42772 0 0
QQQQ: 26.6 0 43350 0 0
QQQQ: 26.7 0 43350 0 0
QQQQ: 26.8 0 42772 0 0
QQQQ: 26.9 0 42772 0 0
QQQQ: 27 0 42772 0 0
QQQQ: 27.1 0 43350 0 0
QQQQ: 27.2 0 43350 0 0
QQQQ: 27.3 0 42772 0 0
QQQQ: 27.4 0 43350 0 0
QQQQ: 27.5 0 43350 0 0
QQQQ: 27.6 0 43928 0 0
QQQQ: 27.7 0 43928 0 0
QQQQ: 27.8 0 42772 0 0
QQQQ: 27.9 0 43350 0 0
QQQQ: 28 0 43350 0 0
QQQQ: 28.1 0 43350 0 0
QQQQ: 28.2 0 43928 0 0
QQQQ: 28.3 0 44506 0 0
QQQQ: 28.4 0 43928 0 0
QQQQ: 28.5 0 43928 0 0
QQQQ: 28.6 0 43928 0 0
QQQQ: 28.7 0 44506 0 0
QQQQ: 28.8 0 44506 0 0
QQQQ: 28.9 0 43350 0 0
QQQQ: 29 0 43928 0 0
QQQQ: 29.1 0 43928 0 0
QQQQ: 29.2 0 44506 0 0
QQQQ: 29.3 0 45084 0 0
QQQQ: 29.4 0 43928 0 0
QQQQ: 29.5 0 44506 0 0
QQQQ: 29.6 0 44506 0 0
QQQQ: 29.7 0 44506 0 0
QQQQ: 29.8 0 45084 0 0
QQQQ: 29.9 0 45084 0 0
QQQQ: 30 0 44506 0 0
QQQQ: 30.1 0 44506 0 0
QQQQ: 30.2 0 44506 0 0
QQQQ: 30.3 0 45662 0 0
QQQQ: 30.4 0 45662 0 0
QQQQ: 30.5 0 44506 0 0
QQQQ: 30.6 0 45084 0 0
QQQQ: 30.7 0 45084 0 0
QQQQ: 30.8 0 45662 0 0
QQQQ: 30.9 0 45662 0 0
QQQQ: 31 0 44506 0 0
QQQQ: 31.1 0 45084 0 0
QQQQ: 31.2 0 45084 0 0
QQQQ: 31.3 0 45662 0 0
QQQQ: 31.4 0 46240 0 0
QQQQ: 31.5 0 46240 0 0
QQQQ: 31.6 0 45662 0 0
QQQQ: 31.7 0 45662 0 0
QQQQ: 31.8 0 45662 0 0
QQQQ: 31.9 0 46240 0 0
QQQQ: 32 0 46240 0 0
QQQQ: 32.1 0 45084 0 0
QQQQ: 32.2 0 45662 0 0
QQQQ: 32.3 0 46240 0 0
QQQQ: 32.4 0 46818 0 0
QQQQ: 32.5 0 46818 0 0
QQQQ: 32.6 0 46818 0 0
QQQQ: 32.7 0 46240 0 0
QQQQ: 32.8 0 46240 0 0
QQQQ: 32.9 0 46240 0 0
QQQQ: 33 0 46818 0 0
QQQQ: 33.1 0 46818 0 0
QQQQ: 33.2 0 46240 0 0
QQQQ: 33.3 0 46818 0 0
QQQQ: 33.4 0 46818 0 0
QQQQ: 33.5 0 47396 0 0
QQQQ: 33.6 0 47396 0 0
QQQQ: 33.7 0 46240 0 0
QQQQ: 33.8 0 46818 0 0
QQQQ: 33.9 0 46818 0 0
QQQQ: 34 0 47396 0 0
QQQQ: 34.1 0 47396 0 0
QQQQ: 34.2 0 47396 0 0
QQQQ: 34.3 0 47396 0 0
QQQQ: 34.4 0 47396 0 0
QQQQ: 34.5 0 47396 0 0
QQQQ: 34.6 0 47974 0 0
QQQQ: 34.7 0 47974 0 0
QQQQ: 34.8 0 46818 0 0
QQQQ: 34.9 0 47396 0 0
QQQQ: 35 0 47396 0 0
QQQQ: 35.1 0 47974 0 0
QQQQ: 35.2 0 47974 0 0
QQQQ: 35.3 0 47396 0 0
QQQQ: 35.4 0 47974 0 0
QQQQ: 35.5 0 47974 0 0
QQQQ: 35.6 0 47974 0 0
QQQQ: 35.7 0 48552 0 0
QQQQ: 35.8 0 48552 0 0
QQQQ: 35.9 0 47974 0 0
QQQQ: 36 0 47974 0 0
QQQQ: 36.1 0 47974 0 0
QQQQ: 36.2 0 48552 0 0
QQQQ: 36.3 0 49130 0 0
QQQQ: 36.4 0 47974 0 0
QQQQ: 36.5 0 48552 0 0
QQQQ: 36.6 0 48552 0 0
QQQQ: 36.7 0 49130 0 0
QQQQ: 36.8 0 49130 0 0
QQQQ: 36.9 0 47974 0 0
QQQQ: 37 0 48552 0 0
QQQQ: 37.1 0 48552 0 0
QQQQ: 37.2 0 49130 0 0
QQQQ: 37.3 0 49708 0 0
QQQQ: 37.4 0 49708 0 0
QQQQ: 37.5 0 49130 0 0
QQQQ: 37.6 0 49130 0 0
QQQQ: 37.7 0 49130 0 0
QQQQ: 37.8 0 49708 0 0
QQQQ: 37.9 0 49708 0 0
QQQQ: 38 0 48552 0 0
QQQQ: 38.1 0 49130 0 0
QQQQ: 38.2 0 49708 0 0
QQQQ: 38.3 0 50286 0 0
QQQQ: 38.4 0 50286 0 0
QQQQ: 38.5 0 49130 0 0
QQQQ: 38.6 0 49708 0 0
QQQQ: 38.7 0 49708 0 0
QQQQ: 38.8 0 49708 0 0
QQQQ: 38.9 0 50286 0 0
QQQQ: 39 0 50286 0 0
QQQQ: 39.1 0 49708 0 0
QQQQ: 39.2 0 50286 0 0
QQQQ: 39.3 0 50286 0 0
QQQQ: 39.4 0 50864 0 0
QQQQ: 39.5 0 50864 0 0
QQQQ: 39.6 0 49708 0 0
QQQQ: 39.7 0 50286 0 0
QQQQ: 39.8 0 50286 0 0
QQQQ: 39.9 0 50864 0 0
QQQQ: 40 0 50864 0 0
QQQQ: 40.1 0 49708 0 0
QQQQ: 40.2 0 50864 0 0
QQQQ: 40.3 0 50864 0 0
QQQQ: 40.4 0 50864 0 0
QQQQ: 40.5 0 51442 0 0
QQQQ: 40.6 0 51442 0 0
QQQQ: 40.7 0 50864 0 0
QQQQ: 40.8 0 50864 0 0
QQQQ: 40.9 0 50864 0 0
QQQQ: 41 0 51442 0 0
QQQQ: 41.1 0 51442 0 0
QQQQ: 41.2 0 50864 0 0
QQQQ: 41.3 0 51442 0 0
QQQQ: 41.4 0 51442 0 0
QQQQ: 41.5 0 52020 0 0
QQQQ: 41.6 0 52020 0 0
QQQQ: 41.7 0 52020 0 0
QQQQ: 41.8 0 51442 0 0
QQQQ: 41.9 0 51442 0 0
QQQQ: 42 0 51442 0 0
QQQQ: 42.1 0 52020 0 0
QQQQ: 42.2 0 52598 0 0
QQQQ: 42.3 0 52020 0 0
QQQQ: 42.4 0 52020 0 0
QQQQ: 42.5 0 52020 0 0
QQQQ: 42.6 0 52598 0 0
QQQQ: 42.7 0 52598 0 0
QQQQ: 42.8 0 51442 0 0
QQQQ: 42.9 0 52020 0 0
QQQQ: 43 0 52020 0 0
QQQQ: 43.1 0 52598 0 0
QQQQ: 43.2 0 52598 0 0
QQQQ: 43.3 0 52598 0 0
QQQQ: 43.4 0 52598 0 0
QQQQ: 43.5 0 52598 0 0
QQQQ: 43.6 0 52598 0 0
QQQQ: 43.7 0 53176 0 0
QQQQ: 43.8 0 53176 0 0
QQQQ: 43.9 0 52020 0 0
QQQQ: 44 0 52598 0 0
QQQQ: 44.1 0 52598 0 0
QQQQ: 44.2 0 53176 0 0
QQQQ: 44.3 0 53176 0 0
QQQQ: 44.4 0 52020 0 0
QQQQ: 44.5 0 52598 0 0
QQQQ: 44.6 0 53176 0 0
QQQQ: 44.7 0 53176 0 0
QQQQ: 44.8 0 53754 0 0
QQQQ: 44.9 0 53754 0 0
QQQQ: 45 0 53176 0 0
QQQQ: 45.1 0 53176 0 0
QQQQ: 45.2 0 53176 0 0
QQQQ: 45.3 0 53754 0 0
QQQQ: 45.4 0 53754 0 0
QQQQ: 45.5 0 52598 0 0
QQQQ: 45.6 0 53176 0 0
QQQQ: 45.7 0 53176 0 0
QQQQ: 45.8 0 53754 0 0
QQQQ: 45.9 0 54332 0 0
QQQQ: 46 0 53176 0 0
QQQQ: 46.1 0 53754 0 0
QQQQ: 46.2 0 53754 0 0
QQQQ: 46.3 0 53754 0 0
QQQQ: 46.4 0 54332 0 0
QQQQ: 46.5 0 54332 0 0
QQQQ: 46.6 0 53754 0 0
QQQQ: 46.7 0 53754 0 0
QQQQ: 46.8 0 53754 0 0
QQQQ: 46.9 0 54332 0 0
QQQQ: 47 0 54332 0 0
QQQQ: 47.1 0 53754 0 0
QQQQ: 47.2 0 54332 0 0
QQQQ: 47.3 0 54332 0 0
QQQQ: 47.4 0 54910 0 0
QQQQ: 47.5 0 54910 0 0
QQQQ: 47.6 0 53754 0 0
QQQQ: 47.7 0 54332 0 0
QQQQ: 47.8 0 54332 0 0
QQQQ: 47.9 0 54332 0 0
QQQQ: 48 0 54910 0 0
QQQQ: 48.1 0 54910 0 0
QQQQ: 48.2 0 54332 0 0
QQQQ: 48.3 0 54910 0 0
QQQQ: 48.4 0 54910 0 0
QQQQ: 48.5 0 55488 0 0
QQQQ: 48.6 0 55488 0 0
QQQQ: 48.7 0 54332 0 0
QQQQ: 48.8 0 54910 0 0
QQQQ: 48.9 0 54910 0 0
QQQQ: 49 0 55488 0 0
QQQQ: 49.1 0 55488 0 0
QQQQ: 49.2 0 54332 0 0
QQQQ: 49.3 0 54910 0 0
QQQQ: 49.4 0 54910 0 0
QQQQ: 49.5 0 54910 0 0
QQQQ: 49.6 0 56066 0 0
QQQQ: 49.7 0 56066 0 0
QQQQ: 49.8 0 55488 0 0
QQQQ: 49.9 0 55488 0 0
QQQQ: 50 0 55488 0 0
QQQQ: 50.1 0 56066 0 0
QQQQ: 50.2 0 56066 0 0
QQQQ: 50.3 0 54910 0 0
QQQQ: 50.4 0 55488 0 0
QQQQ: 50.5 0 55488 0 0
QQQQ: 50.6 0 56066 0 0
QQQQ: 50.7 0 56066 0 0
QQQQ: 50.8 0 56644 0 0
QQQQ: 50.9 0 56066 0 0
QQQQ: 51 0 56066 0 0
QQQQ: 51.1 0 56066 0 0
QQQQ: 51.2 0 56644 0 0
QQQQ: 51.3 0 56644 0 0
QQQQ: 51.4 0 56066 0 0
QQQQ: 51.5 0 56066 0 0
QQQQ: 51.6 0 56066 0 0
QQQQ: 51.7 0 56644 0 0
QQQQ: 51.8 0 56644 0 0
QQQQ: 51.9 0 55488 0 0
QQQQ: 52 0 56066 0 0
QQQQ: 52.1 0 56644 0 0
QQQQ: 52.2 0 57222 0 0
QQQQ: 52.3 0 57222 0 0
QQQQ: 52.4 0 57222 0 0
QQQQ: 52.5 0 56644 0 0
QQQQ: 52.6 0 56644 0 0
QQQQ: 52.7 0 56644 0 0
QQQQ: 52.8 0 57222 0 0
QQQQ: 52.9 0 57222 0 0
QQQQ: 53 0 56644 0 0
QQQQ: 53.1 0 56644 0 0
QQQQ: 53.2 0 56644 0 0
QQQQ: 53.3 0 57800 0 0
QQQQ: 53.4 0 57800 0 0
QQQQ: 53.5 0 56644 0 0
QQQQ: 53.6 0 57222 0 0
QQQQ: 53.7 0 57222 0 0
QQQQ: 53.8 0 57222 0 0
QQQQ: 53.9 0 57800 0 0
QQQQ: 54 0 57800 0 0
QQQQ: 54.1 0 57222 0 0
QQQQ: 54.2 0 57222 0 0
QQQQ: 54.3 0 57222 0 0
QQQQ: 54.4 0 57800 0 0
QQQQ: 54.5 0 58378 0 0
QQQQ: 54.6 0 57222 0 0
QQQQ: 54.7 0 57800 0 0
QQQQ: 54.8 0 57800 0 0
QQQQ: 54.9 0 58378 0 0
QQQQ: 55 0 58378 0 0
QQQQ: 55.1 0 57222 0 0
QQQQ: 55.2 0 57800 0 0
QQQQ: 55.3 0 57800 0 0
QQQQ: 55.4 0 57800 0 0
QQQQ: 55.5 0 58378 0 0
QQQQ: 55.6 0 58378 0 0
QQQQ: 55.7 0 57800 0 0
QQQQ: 55.8 0 58378 0 0
QQQQ: 55.9 0 58378 0 0
QQQQ: 56 0 58956 0 0
QQQQ: 56.1 0 58956 0 0
QQQQ: 56.2 0 57800 0 0
QQQQ: 56.3 0 58378 0 0
QQQQ: 56.4 0 58378 0 0
QQQQ: 56.5 0 58956 0 0
QQQQ: 56.6 0 58956 0 0
QQQQ: 56.7 0 57800 0 0
QQQQ: 56.8 0 58378 0 0
QQQQ: 56.9 0 58378 0 0
QQQQ: 57 0 58956 0 0
QQQQ: 57.1 0 59534 0 0
QQQQ: 57.2 0 59534 0 0
QQQQ: 57.3 0 58956 0 0
QQQQ: 57.4 0 58956 0 0
QQQQ: 57.5 0 58956 0 0
QQQQ: 57.6 0 59534 0 0
QQQQ: 57.7 0 59534 0 0
QQQQ: 57.8 0 58378 0 0
QQQQ: 57.9 0 58956 0 0
QQQQ: 58 0 58956 0 0
QQQQ: 58.1 0 59534 0 0
QQQQ: 58.2 0 59534 0 0
QQQQ: 58.3 0 58956 0 0
QQQQ: 58.4 0 59534 0 0
QQQQ: 58.5 0 59534 0 0
QQQQ: 58.6 0 59534 0 0
QQQQ: 58.7 0 60112 0 0
QQQQ: 58.8 0 60112 0 0
QQQQ: 58.9 0 59534 0 0
QQQQ: 59 0 59534 0 0
QQQQ: 59.1 0 59534 0 0
QQQQ: 59.2 0 60112 0 0
QQQQ: 59.3 0 60112 0 0
QQQQ: 59.4 0 58956 0 0
QQQQ: 59.5 0 60112 0 0
QQQQ: 59.6 0 60112 0 0
QQQQ: 59.7 0 60690 0 0
QQQQ: 59.8 0 60690 0 0
QQQQ: 59.9 0 59534 0 0
QQQQ: 60 0 60112 0 0
QQQQ: 60.1 0 60112 0 0
QQQQ: 60.2 0 60112 0 0
QQQQ: 60.3 0 60690 0 0
QQQQ: 60.4 0 60690 0 0
QQQQ: 60.5 0 60112 0 0
QQQQ: 60.6 0 60112 0 0
QQQQ: 60.7 0 60112 0 0
QQQQ: 60.8 0 60690 0 0
QQQQ: 60.9 0 60690 0 0
QQQQ: 61 0 59534 0 0
QQQQ: 61.1 0 60112 0 0
QQQQ: 61.2 0 60112 0 0
QQQQ: 61.3 0 54910 0 0
QQQQ: 61.4 0 42194 0 0
QQQQ: 61.5 0 29478 0 0
QQQQ: 61.6 0 17340 0 0
QQQQ: 61.7 0 4624 0 0
QQQQ: 61.8 0 0 0 0
QQQQ: 61.9 0 0 0 0
QQQQ: 62 0 0 0 0
QQQQ: 62.1 0 0 0 0
QQQQ: 62.2 0 0 0 0
QQQQ: 62.3 0 2312 0 0
QQQQ: 62.4 0 5202 0 0
QQQQ: 62.5 0 9826 0 0
QQQQ: 62.6 0 16762 0 0
QQQQ: 62.7 0 23120 0 0
QQQQ: 62.8 0 26588 0 0
QQQQ: 62.9 0 26588 0 0
QQQQ: 63 0 25432 0 0
QQQQ: 63.1 0 26010 0 0
QQQQ: 63.2 0 26010 0 0
QQQQ: 63.3 0 26010 0 0
QQQQ: 63.4 0 27166 0 0
QQQQ: 63.5 0 27166 0 0
QQQQ: 63.6 0 26588 0 0
QQQQ: 63.7 0 26588 0 0
QQQQ: 63.8 0 26588 0 0
QQQQ: 63.9 0 27166 0 0
QQQQ: 64 0 27744 0 0
QQQQ: 64.1 0 26588 0 0
QQQQ: 64.2 0 27166 0 0
QQQQ: 64.3 0 27166 0 0
QQQQ: 64.4 0 27744 0 0
QQQQ: 64.5 0 27744 0 0
QQQQ: 64.6 0 26588 0 0
QQQQ: 64.7 0 27744 0 0
QQQQ: 64.8 0 27744 0 0
QQQQ: 64.9 0 27744 0 0
QQQQ: 65 0 28322 0 0
QQQQ: 65.1 0 28322 0 0
QQQQ: 65.2 0 27744 0 0
QQQQ: 65.3 0 28322 0 0
QQQQ: 65.4 0 28322 0 0
QQQQ: 65.5 0 28900 0 0
QQQQ: 65.6 0 28900 0 0
QQQQ: 65.7 0 27744 0 0
QQQQ: 65.8 0 28322 0 0
QQQQ: 65.9 0 28900 0 0
QQQQ: 66 0 29478 0 0
QQQQ: 66.1 0 29478 0 0
QQQQ: 66.2 0 28322 0 0
QQQQ: 66.3 0 28900 0 0
QQQQ: 66.4 0 28900 0 0
QQQQ: 66.5 0 28900 0 0
QQQQ: 66.6 0 30056 0 0
QQQQ: 66.7 0 30056 0 0
QQQQ: 66.8 0 29478 0 0
QQQQ: 66.9 0 29478 0 0
QQQQ: 67 0 29478 0 0
QQQQ: 67.1 0 30056 0 0
QQQQ: 67.2 0 30056 0 0
QQQQ: 67.3 0 29478 0 0
QQQQ: 67.4 0 30056 0 0
QQQQ: 67.5 0 30056 0 0
QQQQ: 67.6 0 30634 0 0
QQQQ: 67.7 0 30634 0 0
QQQQ: 67.8 0 29478 0 0
QQQQ: 67.9 0 30056 0 0
QQQQ: 68 0 30634 0 0
QQQQ: 68.1 0 30634 0 0
QQQQ: 68.2 0 31212 0 0
QQQQ: 68.3 0 31212 0 0
QQQQ: 68.4 0 30634 0 0
QQQQ: 68.5 0 30634 0 0
QQQQ: 68.6 0 30634 0 0
QQQQ: 68.7 0 31790 0 0
QQQQ: 68.8 0 31790 0 0
QQQQ: 68.9 0 30634 0 0
QQQQ: 69 0 31212 0 0
QQQQ: 69.1 0 31212 0 0
QQQQ: 69.2 0 31790 0 0
QQQQ: 69.3 0 31790 0 0
QQQQ: 69.4 0 32368 0 0
QQQQ: 69.5 0 31790 0 0
QQQQ: 69.6 0 31790 0 0
QQQQ: 69.7 0 31790 0 0
QQQQ: 69.8 0 32368 0 0
QQQQ: 69.9 0 32368 0 0
QQQQ: 70 0 31790 0 0
QQQQ: 70.1 0 32368 0 0
QQQQ: 70.2 0 32368 0 0
QQQQ: 70.3 0 32946 0 0
QQQQ: 70.4 0 32946 0 0
QQQQ: 70.5 0 31790 0 0
QQQQ: 70.6 0 32368 0 0
QQQQ: 70.7 0 32368 0 0
QQQQ: 70.8 0 33524 0 0
QQQQ: 70.9 0 33524 0 0
QQQQ: 71 0 33524 0 0
QQQQ: 71.1 0 32946 0 0
QQQQ: 71.2 0 32946 0 0
QQQQ: 71.3 0 32946 0 0
QQQQ: 71.4 0 33524 0 0
QQQQ: 71.5 0 33524 0 0
QQQQ: 71.6 0 32946 0 0
QQQQ: 71.7 0 33524 0 0
QQQQ: 71.8 0 33524 0 0
QQQQ: 71.9 0 34102 0 0
QQQQ: 72 0 34102 0 0
QQQQ: 72.1 0 32946 0 0
QQQQ: 72.2 0 33524 0 0
QQQQ: 72.3 0 34102 0 0
QQQQ: 72.4 0 34102 0 0
QQQQ: 72.5 0 34680 0 0
QQQQ: 72.6 0 34680 0 0
QQQQ: 72.7 0 34102 0 0
QQQQ: 72.8 0 34102 0 0
QQQQ: 72.9 0 34102 0 0
QQQQ: 73 0 35258 0 0
QQQQ: 73.1 0 35258 0 0
QQQQ: 73.2 0 34102 0 0
QQQQ: 73.3 0 34680 0 0
QQQQ: 73.4 0 34680 0 0
QQQQ: 73.5 0 35258 0 0
QQQQ: 73.6 0 35258 0 0
QQQQ: 73.7 0 34102 0 0
QQQQ: 73.8 0 34680 0 0
QQQQ: 73.9 0 35258 0 0
QQQQ: 74 0 35258 0 0
QQQQ: 74.1 0 35836 0 0
QQQQ: 74.2 0 35836 0 0
QQQQ: 74.3 0 35258 0 0
QQQQ: 74.4 0 35258 0 0
QQQQ: 74.5 0 35258 0 0
QQQQ: 74.6 0 35836 0 0
QQQQ: 74.7 0 36414 0 0
QQQQ: 74.8 0 35258 0 0
QQQQ: 74.9 0 35836 0 0
QQQQ: 75 0 35836 0 0
QQQQ: 75.1 0 36414 0 0
QQQQ: 75.2 0 36414 0 0
QQQQ: 75.3 0 35258 0 0
QQQQ: 75.4 0 35836 0 0
QQQQ: 75.5 0 36414 0 0
QQQQ: 75.6 0 36414 0 0
QQQQ: 75.7 0 36992 0 0
QQQQ: 75.8 0 36992 0 0
QQQQ: 75.9 0 36414 0 0
QQQQ: 76 0 36414 0 0
QQQQ: 76.1 0 36414 0 0
QQQQ: 76.2 0 36992 0 0
QQQQ: 76.3 0 37570 0 0
QQQQ: 76.4 0 36414 0 0
QQQQ: 76.5 0 36992 0 0
QQQQ: 76.6 0 36992 0 0
QQQQ: 76.7 0 37570 0 0
QQQQ: 76.8 0 37570 0 0
QQQQ: 76.9 0 36414 0 0
QQQQ: 77 0 36992 0 0
QQQQ: 77.1 0 36992 0 0
QQQQ: 77.2 0 37570 0 0
QQQQ: 77.3 0 38148 0 0
QQQQ: 77.4 0 38148 0 0
QQQQ: 77.5 0 37570 0 0
QQQQ: 77.6 0 37570 0 0
QQQQ: 77.7 0 37570 0 0
QQQQ: 77.8 0 38148 0 0
QQQQ: 77.9 0 38148 0 0
QQQQ: 78 0 37570 0 0
QQQQ: 78.1 0 38148 0 0
QQQQ: 78.2 0 38148 0 0
QQQQ: 78.3 0 38726 0 0
QQQQ: 78.4 0 38726 0 0
QQQQ: 78.5 0 38726 0 0
QQQQ: 78.6 0 38148 0 0
QQQQ: 78.7 0 38148 0 0
QQQQ: 78.8 0 38726 0 0
QQQQ: 78.9 0 39304 0 0
QQQQ: 79 0 39304 0 0
QQQQ: 79.1 0 38726 0 0
QQQQ: 79.2 0 38726 0 0
QQQQ: 79.3 0 38726 0 0
QQQQ: 79.4 0 39304 0 0
QQQQ: 79.5 0 39304 0 0
QQQQ: 79.6 0 38726 0 0
QQQQ: 79.7 0 39304 0 0
QQQQ: 79.8 0 39304 0 0
QQQQ: 79.9 0 39882 0 0
QQQQ: 80 0 39882 0 0
QQQQ: 80.1 0 39882 0 0
QQQQ: 80.2 0 39304 0 0
QQQQ: 80.3 0 39304 0 0
QQQQ: 80.4 0 39304 0 0
QQQQ: 80.5 0 40460 0 0
QQQQ: 80.6 0 40460 0 0
QQQQ: 80.7 0 39882 0 0
QQQQ: 80.8 0 39882 0 0
QQQQ: 80.9 0 39882 0 0
QQQQ: 81 0 40460 0 0
QQQQ: 81.1 0 40460 0 0
QQQQ: 81.2 0 39304 0 0
QQQQ: 81.3 0 40460 0 0
QQQQ: 81.4 0 40460 0 0
QQQQ: 81.5 0 40460 0 0
QQQQ: 81.6 0 41038 0 0
QQQQ: 81.7 0 41038 0 0
QQQQ: 81.8 0 40460 0 0
QQQQ: 81.9 0 40460 0 0
QQQQ: 82 0 40460 0 0
QQQQ: 82.1 0 41616 0 0
QQQQ: 82.2 0 41616 0 0
QQQQ: 82.3 0 40460 0 0
QQQQ: 82.4 0 41038 0 0
QQQQ: 82.5 0 41038 0 0
QQQQ: 82.6 0 41616 0 0
QQQQ: 82.7 0 41616 0 0
QQQQ: 82.8 0 40460 0 0
QQQQ: 82.9 0 41616 0 0
QQQQ: 83 0 41616 0 0
QQQQ: 83.1 0 41616 0 0
QQQQ: 83.2 0 42194 0 0
QQQQ: 83.3 0 42194 0 0
QQQQ: 83.4 0 41616 0 0
QQQQ: 83.5 0 41616 0 0
QQQQ: 83.6 0 41616 0 0
QQQQ: 83.7 0 42194 0 0
QQQQ: 83.8 0 42194 0 0
QQQQ: 83.9 0 41616 0 0
QQQQ: 84 0 42194 0 0
QQQQ: 84.1 0 42194 0 0
QQQQ: 84.2 0 42772 0 0
QQQQ: 84.3 0 42772 0 0
QQQQ: 84.4 0 41616 0 0
QQQQ: 84.5 0 42194 0 0
QQQQ: 84.6 0 42194 0 0
QQQQ: 84.7 0 42194 0 0
QQQQ: 84.8 0 42772 0 0
QQQQ: 84.9 0 43350 0 0
QQQQ: 85 0 42772 0 0
QQQQ: 85.1 0 42772 0 0
QQQQ: 85.2 0 42772 0 0
QQQQ: 85.3 0 43350 0 0
QQQQ: 85.4 0 43350 0 0
QQQQ: 85.5 0 42194 0 0
QQQQ: 85.6 0 42772 0 0
QQQQ: 85.7 0 42772 0 0
QQQQ: 85.8 0 43350 0 0
QQQQ: 85.9 0 43928 0 0
QQQQ: 86 0 42772 0 0
QQQQ: 86.1 0 43350 0 0
QQQQ: 86.2 0 43350 0 0
QQQQ: 86.3 0 43350 0 0
QQQQ: 86.4 0 43928 0 0
QQQQ: 86.5 0 43928 0 0
QQQQ: 86.6 0 43350 0 0
QQQQ: 86.7 0 43350 0 0
QQQQ: 86.8 0 43928 0 0
QQQQ: 86.9 0 44506 0 0
QQQQ: 87 0 44506 0 0
QQQQ: 87.1 0 43350 0 0
QQQQ: 87.2 0 43928 0 0
QQQQ: 87.3 0 43928 0 0
QQQQ: 87.4 0 44506 0 0
QQQQ: 87.5 0 44506 0 0
QQQQ: 87.6 0 43350 0 0
QQQQ: 87.7 0 43928 0 0
QQQQ: 87.8 0 44506 0 0
QQQQ: 87.9 0 44506 0 0
QQQQ: 88 0 45084 0 0
QQQQ: 88.1 0 45084 0 0
QQQQ: 88.2 0 44506 0 0
QQQQ: 88.3 0 44506 0 0
QQQQ: 88.4 0 44506 0 0
QQQQ: 88.5 0 45084 0 0
QQQQ: 88.6 0 45084 0 0
QQQQ: 88.7 0 43928 0 0
QQQQ: 88.8 0 45084 0 0
QQQQ: 88.9 0 45084 0 0
QQQQ: 89 0 45662 0 0
QQQQ: 89.1 0 45662 0 0
QQQQ: 89.2 0 45662 0 0
QQQQ: 89.3 0 45084 0 0
QQQQ: 89.4 0 45084 0 0
QQQQ: 89.5 0 45084 0 0
QQQQ: 89.6 0 45662 0 0
QQQQ: 89.7 0 45662 0 0
QQQQ: 89.8 0 45662 0 0
QQQQ: 89.9 0 45662 0 0
QQQQ: 90 0 45662 0 0
QQQQ: 90.1 0 46240 0 0
QQQQ: 90.2 0 46240 0 0
QQQQ: 90.3 0 45084 0 0
QQQQ: 90.4 0 45662 0 0
QQQQ: 90.5 0 45662 0 0
QQQQ: 90.6 0 46240 0 0
QQQQ: 90.7 0 46240 0 0
QQQQ: 90.8 0 46818 0 0
QQQQ: 90.9 0 46240 0 0
QQQQ: 91 0 46240 0 0
QQQQ: 91.1 0 46240 0 0
QQQQ: 91.2 0 46818 0 0
QQQQ: 91.3 0 46818 0 0
QQQQ: 91.4 0 45662 0 0
QQQQ: 91.5 0 46240 0 0
QQQQ: 91.6 0 46240 0 0
QQQQ: 91.7 0 46818 0 0
QQQQ: 91.8 0 47396 0 0
QQQQ: 91.9 0 46240 0 0
QQQQ: 92 0 46818 0 0
QQQQ: 92.1 0 46818 0 0
QQQQ: 92.2 0 46818 0 0
QQQQ: 92.3 0 47396 0 0
QQQQ: 92.4 0 47396 0 0
QQQQ: 92.5 0 46818 0 0
QQQQ: 92.6 0 46818 0 0
QQQQ: 92.7 0 46818 0 0
QQQQ: 92.8 0 47974 0 0
QQQQ: 92.9 0 47974 0 0
QQQQ: 93 0 46818 0 0
QQQQ: 93.1 0 47396 0 0
QQQQ: 93.2 0 47396 0 0
QQQQ: 93.3 0 47974 0 0
QQQQ: 93.4 0 47974 0 0
QQQQ: 93.5 0 46818 0 0
QQQQ: 93.6 0 47396 0 0
QQQQ: 93.7 0 47396 0 0
QQQQ: 93.8 0 47974 0 0
QQQQ: 93.9 0 48552 0 0
QQQQ: 94 0 48552 0 0
QQQQ: 94.1 0 47974 0 0
QQQQ: 94.2 0 47974 0 0
QQQQ: 94.3 0 47974 0 0
QQQQ: 94.4 0 48552 0 0
QQQQ: 94.5 0 48552 0 0
QQQQ: 94.6 0 47396 0 0
QQQQ: 94.7 0 47974 0 0
QQQQ: 94.8 0 48552 0 0
QQQQ: 94.9 0 49130 0 0
QQQQ: 95 0 49130 0 0
QQQQ: 95.1 0 47974 0 0
QQQQ: 95.2 0 48552 0 0
QQQQ: 95.3 0 48552 0 0
QQQQ: 95.4 0 48552 0 0
QQQQ: 95.5 0 49130 0 0
QQQQ: 95.6 0 49130 0 0
QQQQ: 95.7 0 48552 0 0
QQQQ: 95.8 0 49130 0 0
QQQQ: 95.9 0 49130 0 0
QQQQ: 96 0 49708 0 0
QQQQ: 96.1 0 49708 0 0
QQQQ: 96.2 0 48552 0 0
QQQQ: 96.3 0 49130 0 0
QQQQ: 96.4 0 49130 0 0
QQQQ: 96.5 0 49708 0 0
QQQQ: 96.6 0 49708 0 0
QQQQ: 96.7 0 48552 0 0
QQQQ: 96.8 0 49708 0 0
QQQQ: 96.9 0 49708 0 0
QQQQ: 97 0 49708 0 0
QQQQ: 97.1 0 50286 0 0
QQQQ: 97.2 0 50286 0 0
QQQQ: 97.3 0 49708 0 0
QQQQ: 97.4 0 49708 0 0
QQQQ: 97.5 0 49708 0 0
QQQQ: 97.6 0 50286 0 0
QQQQ: 97.7 0 50864 0 0
QQQQ: 97.8 0 49708 0 0
QQQQ: 97.9 0 50286 0 0
QQQQ: 98 0 50286 0 0
QQQQ: 98.1 0 50864 0 0
QQQQ: 98.2 0 50864 0 0
QQQQ: 98.3 0 50864 0 0
QQQQ: 98.4 0 50286 0 0
QQQQ: 98.5 0 50286 0 0
QQQQ: 98.6 0 50286 0 0
QQQQ: 98.7 0 51442 0 0
QQQQ: 98.8 0 51442 0 0
QQQQ: 98.9 0 50864 0 0
QQQQ: 99 0 50864 0 0
QQQQ: 99.1 0 50864 0 0
QQQQ: 99.2 0 51442 0 0
QQQQ: 99.3 0 51442 0 0
QQQQ: 99.4 0 50286 0 0
QQQQ: 99.5 0 50864 0 0
QQQQ: 99.6 0 50864 0 0
QQQQ: 99.7 0 52020 0 0
QQQQ: 99.8 0 52020 0 0
QQQQ: 99.9 0 52020 0 0
QQQQ: 100 0 51442 0 0
